Aaron Ashby, 8, 2, 0.735525227774966, 35, 2, 6.032837536954171, 35, 0, 32.815036102557876, 64, 3, 16.946244993939853, 112, 2, 2.480036584256637, 169, 38, 94, 1.0, 
Aaron Civale, 22, 5, 10.831244969102015, 68, 3, 34.575811391071575, 43, 2, 13.086970254888351, 120, 6, 8.125276253791771, 143, 21, -73.1944857793739, 524, 126, 150, 1.0, 
Aaron Nola, 26, 6, -2.974791988974056, 81, 1, 30.57189399591937, 46, 21, -40.62635068383446, 147, 6, 14.25556106891066, 198, 7, 41.79426868964751, 792, 194, 188, 1.0, 
Adam Mazur, 10, 0, 0.057411591729837785, 47, 2, 0.29765588203542315, 34, 9, 6.91109810195465, 59, 13, 13.454987025333935, 39, 18, 25.11624258969249, 79, 16, 56, 1.0, 
Adam Oller, 7, 0, 23.841274631412627, 27, 2, 299.6237769228295, 19, 2, 0.05195921190136943, 35, 1, 2.3753140754168474, 28, 4, 81.95577257010353, 194, 41, 35, 1.0, 
Adrian Houser, 4, 1, -5.983448375300714, 20, 0, 23.98867035702458, 14, 4, -51.445243748951555, 34, 1, 122.63589865379953, 26, 0, 44.817897473536014, 461, 106, 36, 1.0, 
Albert Suarez, 10, 0, 0.00721892620553484, 33, 3, 0.44529446505754855, 25, 5, 1.190364931107796, 68, 1, 0.04309850856991104, 64, 4, 0.7810661659669798, 282, 66, 80, 1.0, 
Alec Marsh, 17, 6, 0.5346980692154375, 57, 10, -19.04793575629067, 41, 0, 0.5754112860729824, 86, 1, -0.4250192907189996, 111, 14, -39.32545857183774, 356, 81, 106, 1.0, 
Alex Cobb, 10, 4, 6.585397063966022, 41, 2, 0.43149775355289965, 26, 2, 4.567555290403241, 88, 16, 11.68706978485227, 88, 6, 23.56328736265248, 278, 65, 96, 1.0, 
Alex Faedo, 8, 4, -12.137750666814881, 26, 4, 80.6869389396295, 24, 3, -9.12732160865745, 41, 5, -14.583292846616033, 53, 1, 57.690609397579635, 233, 54, 58, 1.0, 
Alex Wood, 9, 0, 6.404972797967075, 39, 3, 10.781787677914906, 29, 10, -13.06822760923177, 73, 10, -77.03851620375778, 63, 6, -2.627291632417851, 438, 101, 73, 1.0, 
Allan Winans, 4, 0, 0.421751256921416, 15, 0, 0.15508808714412764, 7, 5, 26.66537218035642, 27, 0, 0.44724508106753713, 28, 4, 17.78759050681605, 42, 9, 27, 1.0, 
Andre Pallante, 12, 13, -29.072028673099396, 66, 10, -9.348655454297393, 55, 24, -102.93710604424075, 132, 3, 20.632771654484987, 104, 3, 10.20743174320883, 393, 92, 144, 1.0, 
Andrew Abbott, 23, 11, -5.929761235951602, 64, 3, -0.9674021430657618, 59, 2, 72.35334338365811, 115, 10, -9.174703184746871, 141, 4, 26.69506065996702, 418, 98, 151, 1.0, 
Andrew Heaney, 20, 6, -1.9641714520141207, 60, 5, -6.121493593285395, 41, 5, 119.03331938025784, 105, 4, 6.953758068742349, 142, 5, 21.455032493138773, 550, 127, 131, 1.0, 
Anthony DeSclafani, 9, 1, 0.5453077631738826, 32, 8, 14.500251793690786, 15, 6, 7.259612302345564, 57, 7, 7.476680703803249, 54, 1, 1.7439541471360633, 202, 49, 67, 1.0, 
Antonio Senzatela, 11, 9, 5.005568713807437, 65, 12, 10.131877538415603, 30, 17, 16.88831105511273, 142, 36, 110.19394983233593, 73, 6, 6.46785517912722, 108, 24, 118, 1.0, 
Austin Gomber, 28, 10, -17.140478475419833, 90, 12, -7.098129229719547, 45, 8, -3.2126518095460526, 151, 1, 53.86911447683247, 117, 8, 29.558758394538927, 579, 135, 164, 1.0, 
Austin Voth, 7, 2, -9.579990027909489, 25, 2, 38.91536085046702, 18, 1, 18.347250264658676, 41, 3, -16.77128106013103, 52, 2, 63.71773714479828, 274, 63, 53, 1.0, 
Bailey Falter, 19, 4, 10.798596229656455, 65, 6, 21.502904453758145, 34, 4, 48.02497220619285, 111, 3, 22.313943041211214, 94, 0, 99.12538299298002, 356, 84, 126, 1.0, 
Bailey Ober, 23, 10, -5.669491054047235, 68, 22, -62.85800722553064, 40, 19, -60.282130222923755, 116, 3, 58.783940973098794, 179, 9, 82.82009822873768, 473, 117, 172, 1.0, 
Beau Brieske, 6, 1, 4.496113157847939, 27, 2, 0.06812442441242261, 25, 2, 10.096249500220026, 52, 1, 47.01324912481092, 60, 9, 2.7043309592972093, 239, 56, 66, 1.0, 
Ben Brown, 4, 0, 0.047997294318051775, 18, 5, 3.0542278212792553, 16, 2, 0.5340024679045703, 32, 0, 0.012376775880991314, 57, 2, 0.38627727610344564, 111, 27, 49, 1.0, 
Ben Lively, 24, 9, 0.43338139463312686, 70, 1, 3.148924089038578, 44, 0, 47.2157566341225, 117, 21, -32.08286247632719, 118, 3, 10.034313801795035, 406, 95, 143, 1.0, 
Blake Snell, 12, 6, -6.180885831085114, 52, 3, 32.47656492810563, 73, 7, 30.909361169776275, 93, 0, 30.211886332794208, 216, 7, 90.07811711321764, 561, 135, 158, 1.0, 
Bobby Miller, 9, 3, 31.53941840451442, 33, 2, 16.60325155155095, 19, 0, 10.069397648685575, 40, 12, -78.83233490640805, 42, 0, 40.9761517953132, 305, 72, 44, 1.0, 
Bowden Francis, 21, 11, -9.462086131992706, 45, 3, 68.94301308108494, 34, 14, -19.08451459633124, 82, 28, -56.39080662186976, 138, 1, 13.767070113969318, 217, 55, 150, 1.0, 
Bradley Blalock, 5, 3, 2.1934687800418864, 23, 1, 0.26065527964021573, 22, 8, 12.71693329665078, 34, 9, 15.319102766461128, 24, 9, 15.702771976871446, 73, 15, 35, 1.0, 
Brady Singer, 21, 2, -0.5288482108045334, 82, 4, 14.237894872880116, 53, 7, 8.852991609534651, 156, 4, 1.886737481166164, 162, 23, -60.86624618541893, 667, 154, 172, 1.0, 
Brandon Pfaadt, 24, 8, 10.478529784822925, 83, 16, -21.302377326402087, 39, 19, -30.09923772436362, 133, 0, 63.70991532381561, 151, 2, 6.322445348474335, 472, 110, 150, 1.0, 
Brandon Woodruff, 16, 5, 1.2255841756184327, 40, 8, 9.040606268151386, 35, 15, 5.473881878988891, 78, 24, 65.8568190565325, 161, 8, 22.24255942261957, 263, 66, 139, 1.0, 
Brayan Bello, 19, 1, 25.23775976704754, 81, 9, 8.690111375390476, 62, 3, 33.409960959044234, 151, 23, -9.284875693130545, 150, 13, -18.052745687080396, 507, 116, 166, 1.0, 
Brennan Bernardino, 5, 1, 0.5370009467707266, 22, 2, 16.400485096612133, 20, 8, -34.450694187445194, 46, 4, -11.039577174409906, 59, 5, -13.720741844245914, 176, 40, 53, 1.0, 
Bryan Hoeing, 7, 2, -2.0420352002570272, 25, 7, -23.971628313461224, 20, 6, 17.880366380733484, 49, 4, 19.38229979086613, 52, 10, -49.35178808693587, 205, 49, 65, 1.0, 
Bryan Woo, 17, 2, -0.5994962004208562, 51, 2, 0.19245928943326485, 30, 18, 80.57312697438041, 95, 4, 41.41825804685428, 128, 10, 14.209049889117878, 337, 83, 138, 1.0, 
Bryce Elder, 7, 0, 6.978595390808449, 30, 5, 68.75178713138686, 19, 0, 34.31249688403321, 52, 4, 49.183320097805435, 46, 2, -4.562891508082689, 367, 85, 53, 1.0, 
Bryce Miller, 21, 2, -0.30959872740384875, 66, 5, -0.4658028479171792, 41, 12, -5.983834613138907, 120, 8, -5.192607864144346, 160, 16, 10.918387730134775, 496, 124, 174, 1.0, 
Bryse Wilson, 15, 5, -11.789806120460767, 41, 0, 3.115763471079343, 27, 0, 9.654001741665903, 75, 4, 6.5720480239043475, 73, 4, 44.85258236846806, 396, 92, 94, 1.0, 
Cade Povich, 11, 5, 1.1136120801651135, 43, 11, 5.425886319691031, 31, 7, 2.6777569191378596, 61, 0, 0.02699538374976479, 62, 3, 0.4954209867265451, 176, 39, 71, 1.0, 
Cal Quantrill, 18, 7, -12.58706996251794, 72, 18, -54.264733046848704, 53, 2, 7.862516518461586, 122, 1, 21.820002242812183, 95, 15, -47.648563128276066, 621, 145, 134, 1.0, 
Caleb Ferguson, 5, 3, -9.56209577958785, 24, 4, -23.23890733229007, 24, 2, 78.49477956428427, 48, 8, -46.834817586943586, 65, 2, 53.37241309323601, 204, 46, 55, 1.0, 
Carlos Carrasco, 5, 2, -10.770339418176924, 20, 3, -23.15095317572637, 11, 0, 48.80342934629378, 30, 1, 91.26991788597319, 27, 1, 58.21690207834622, 436, 99, 31, 1.0, 
Carlos Hernandez, 3, 3, -4.1489884862306425, 21, 2, 6.431032284030593, 21, 1, 41.756179684386986, 35, 2, -5.057677752792991, 41, 4, 63.85436861563741, 263, 60, 43, 1.0, 
Carlos Rodon, 28, 7, -0.12623925457553753, 84, 4, 19.3562065883121, 59, 5, 33.1232233299647, 123, 16, -22.4227818507851, 185, 23, -54.53624474386544, 566, 137, 167, 1.0, 
Carson Fulmer, 3, 0, 7.247172687095328, 12, 1, 0.4039011599751383, 12, 0, -0.014231048702643467, 21, 1, 0.3621779237529452, 24, 2, 1.8817862176368685, 141, 31, 26, 1.0, 
Carson Spiers, 9, 5, 3.3499611041140227, 27, 1, 0.37861610380946775, 14, 5, 2.960096249971926, 46, 0, 0.02174597355563415, 41, 4, 2.334640977137852, 205, 45, 45, 1.0, 
Casey Mize, 14, 5, 3.0376273166999868, 61, 17, 1.4514952803817636, 35, 8, 1.225388638841629, 124, 2, 21.28564300534244, 90, 17, 3.4964238879134086, 303, 71, 121, 1.0, 
Charlie Morton, 18, 0, 15.663263303010838, 68, 2, 137.30255756836593, 62, 11, -6.253712223694421, 120, 1, 6.212857336377656, 167, 12, -11.662018504341887, 725, 171, 153, 1.0, 
Chase Silseth, 9, 2, 1.878730385962915, 27, 0, 6.933721370120217, 25, 5, 6.026628537741502, 36, 0, 8.358231307835007, 51, 0, 0.09775730648959102, 75, 17, 51, 1.0, 
Chris Bassitt, 20, 2, 10.254143678431046, 76, 6, 108.62113154875324, 61, 4, 1.9631767486005067, 150, 4, 82.02591587655748, 171, 5, 2.25495123400192, 741, 177, 178, 1.0, 
Chris Flexen, 9, 2, 17.81513836215566, 32, 0, 109.69347447304202, 20, 4, -11.984908137836747, 54, 1, 23.310783011207867, 40, 5, 24.178990698020684, 626, 144, 55, 1.0, 
Chris Paddack, 16, 2, 0.21392543893224447, 62, 4, -0.15668920955725962, 29, 23, -5.751865876711179, 109, 3, 3.9128478018290025, 100, 9, -0.7681687071692131, 240, 55, 110, 1.0, 
Chris Sale, 16, 2, 20.927142552187078, 58, 3, 113.69671383835043, 44, 16, -15.060122283738025, 124, 19, -30.41427947457465, 211, 18, -17.459213405283236, 379, 93, 171, 1.0, 
Clarke Schmidt, 14, 0, 1.2993016645429507, 50, 6, 3.1636772643006346, 43, 2, 38.652694694984504, 101, 0, 85.59422398127407, 133, 8, 30.981150560556053, 397, 93, 128, 1.0, 
Clayton Kershaw, 7, 3, 26.13735107674898, 28, 7, -20.548479679062453, 19, 3, 22.277865590716285, 61, 4, 14.036584369580233, 64, 9, -3.1241134038478435, 409, 102, 70, 1.0, 
Cody Bradford, 14, 5, -3.8932990668038947, 43, 15, -38.6329811461093, 20, 13, -32.4583839246237, 72, 3, 19.16014628267322, 88, 6, 39.53772752316942, 216, 52, 97, 1.0, 
Cody Poteet, 4, 2, 6.3355240279825225, 13, 1, 7.842261185936246, 13, 2, 4.932030737969356, 19, 3, 12.38148202766588, 25, 4, 23.280874356571864, 24, 5, 29, 1.0, 
Cole Irvin, 11, 1, -1.2003712201123067, 38, 0, 19.709134429066566, 19, 5, -12.200928279111636, 70, 0, 17.16737328596958, 55, 4, 26.46348785404978, 584, 136, 74, 1.0, 
Cole Ragans, 16, 5, -1.7989912318623622, 69, 7, 10.391259567570861, 67, 19, -31.36411134311038, 129, 2, 33.32400438791252, 202, 0, 1.4043027429533892, 411, 99, 180, 1.0, 
Colin Rea, 20, 8, -9.59805005517082, 57, 8, -8.03475486791541, 32, 0, 5.4541101783842825, 95, 9, 30.04942063467299, 98, 11, -5.696853936030045, 492, 116, 119, 1.0, 
Cooper Criswell, 4, 0, 12.043459239919054, 17, 1, 0.7728785608439406, 10, 0, 15.094811463945884, 32, 3, -5.971500094460936, 26, 3, -0.4168632300312254, 230, 52, 33, 1.0, 
Corbin Burnes, 20, 1, 3.487898729217119, 62, 5, 7.90355627136667, 52, 3, 31.787141076825048, 127, 8, 38.72145669938121, 192, 14, 22.291427522622605, 755, 189, 188, 1.0, 
Cristian Javier, 3, 0, -0.9735800693008958, 11, 0, 10.996520763894932, 12, 2, 2.996601037244261, 18, 2, -15.389632922776933, 25, 3, -91.13639142067157, 461, 111, 26, 1.0, 
Cristopher Sanchez, 18, 7, 32.622018788685736, 71, 6, 41.82967293407465, 43, 17, -17.12370594383046, 144, 20, -27.951529828074754, 150, 14, -23.379170885067843, 411, 99, 172, 1.0, 
DJ Herz, 15, 1, 0.045100568593969825, 59, 18, 4.8712011819291305, 52, 18, 5.14644490326824, 92, 17, 4.368246854376338, 147, 5, 0.43952516262255603, 191, 44, 122, 1.0, 
DL Hall, 10, 0, 2.799825884720425e-05, 43, 2, 0.2887883097104913, 36, 13, 6.2555687513226275, 76, 4, 0.6683704704548648, 78, 7, 2.3005684050621618, 98, 21, 77, 1.0, 
Dakota Hudson, 3, 1, -5.248595469620252, 16, 0, 65.64097377499075, 12, 6, -162.68465736026099, 26, 2, -30.192292417647835, 15, 4, -83.92631588378646, 419, 95, 27, 1.0, 
Dane Dunning, 11, 0, 1.2349529729261142, 40, 6, 6.706512341820684, 30, 3, 25.861779210175904, 65, 0, 27.40121127192512, 68, 8, -29.269506119365104, 581, 134, 76, 1.0, 
David Festa, 14, 0, 0.019044376271810465, 57, 2, 0.15554925031832711, 41, 23, 11.361243821791646, 87, 0, 0.006890614877910581, 127, 4, 0.4564449951898153, 138, 32, 105, 1.0, 
David Peterson, 15, 4, 4.825164441584263, 63, 14, -4.344451800124901, 61, 14, -45.46831710606622, 122, 13, 8.672480161587146, 143, 14, -32.5453081525271, 435, 100, 143, 1.0, 
Davis Martin, 13, 1, -0.056126769931725495, 58, 11, -1.6975215299179496, 52, 1, 0.521705682665057, 107, 18, -3.0141316096112547, 109, 6, 2.93476897086914, 154, 35, 122, 1.0, 
Dean Kremer, 20, 5, 8.288423423958648, 66, 3, 30.63476782594848, 51, 5, 6.595441454163691, 111, 4, 26.21065059597388, 127, 3, 99.27102398959008, 511, 119, 141, 1.0, 
Domingo German, 5, 2, 2.4743369362072904, 15, 1, 14.068253025951782, 9, 0, 1.2845388917340521, 22, 8, 47.658919630376175, 32, 0, 4.105143890120051, 192, 46, 33, 1.0, 
Drew Rasmussen, 5, 13, -55.44410567425983, 36, 7, 34.16120950326123, 27, 12, -34.52663410382037, 89, 19, 49.071861288320406, 125, 3, 14.695123642232732, 296, 73, 112, 1.0, 
Drew Smyly, 8, 4, -29.443510476117737, 24, 2, 33.908598433538074, 20, 0, 32.643630340447125, 43, 1, 2.324077068468805, 50, 1, 60.3106727596529, 469, 108, 52, 1.0, 
Drew Thorpe, 17, 2, 0.15035316221599682, 59, 10, 2.648111410005548, 45, 3, 0.34699505793043084, 62, 33, 28.48375514028396, 58, 38, 37.115210928231136, 95, 22, 94, 1.0, 
Dustin May, 4, 8, 7.874147870255928, 26, 0, 4.561191106443392, 28, 0, 27.36599138520111, 45, 5, 4.36975411743656, 61, 20, 52.8288777084328, 67, 16, 75, 1.0, 
Dylan Cease, 18, 3, 0.7583648067836544, 74, 3, 52.256099829185196, 71, 2, 40.009667790635504, 129, 0, 37.21485922562463, 223, 2, 7.138035472310573, 750, 178, 184, 1.0, 
Dylan Dodd, 9, 6, 22.996840933788995, 30, 13, 96.91214776998953, 13, 0, 0.47698338404650575, 46, 14, 101.94281435874504, 18, 12, 76.5883795261826, 49, 10, 37, 1.0, 
Eduardo Rodriguez, 18, 1, 1.4935544710036537, 65, 2, 16.237015897874038, 47, 5, 6.448347206657594, 119, 2, 69.51982445834177, 127, 1, 14.86586607488757, 477, 112, 136, 1.0, 
Edward Cabrera, 17, 0, 10.969569881103677, 60, 8, 57.810290747547, 69, 0, 87.96341746574693, 80, 5, 52.552963702346105, 136, 10, -7.555710133251964, 315, 73, 122, 1.0, 
Eli Morgan, 6, 0, 10.248983021778056, 16, 2, 66.11279809112486, 14, 0, 32.65711065448674, 35, 0, 94.17165023694677, 47, 3, 93.16189065901958, 275, 66, 49, 1.0, 
Emerson Hancock, 9, 5, 2.299550433085198, 25, 6, 3.9297979850726463, 15, 3, 0.8650187526573827, 41, 0, 0.035926623470260544, 33, 9, 7.5938559028681, 133, 30, 49, 1.0, 
Erick Fedde, 22, 3, 0.27143619508549466, 76, 12, -4.578160459162081, 56, 7, 14.847626560494682, 141, 16, 43.081335219302765, 150, 6, 25.21111625087368, 440, 102, 175, 1.0, 
Erik Miller, 6, 0, 0.009007038236500911, 25, 9, 5.434473077155808, 33, 11, 7.249781347421845, 38, 7, 3.25589859063367, 82, 12, 8.974267001602414, 142, 33, 62, 1.0, 
Eury Perez, 10, 6, 6.776374625209733, 23, 3, 1.5086342150582523, 23, 2, 1.3096709316004465, 43, 3, 1.7584578225850351, 81, 0, 0.02437551181169011, 112, 27, 69, 1.0, 
Framber Valdez, 16, 9, -10.944542805477106, 64, 5, 9.569995300630428, 58, 4, 5.795439916464346, 136, 7, 65.32285639253062, 181, 3, 13.374566964920827, 727, 177, 186, 1.0, 
Frankie Montas, 17, 6, 3.726790203292367, 60, 13, 18.944765760955185, 49, 2, -0.03777052534589753, 96, 1, 1.4819001310181743, 120, 11, 23.78128590407045, 476, 112, 122, 1.0, 
Freddy Peralta, 22, 9, -5.638438965197388, 66, 21, -64.7733773277487, 60, 11, -0.6532819277076243, 109, 2, 9.545203867189304, 204, 2, 47.06805578257827, 575, 140, 170, 1.0, 
Garrett Crochet, 16, 2, 5.554951938564869, 57, 15, 3.748165913101275, 41, 12, 55.15943220189489, 108, 14, -1.0132066002009488, 208, 49, 24.729887324529045, 235, 57, 153, 1.0, 
Garrett Whitlock, 9, 2, 4.019680661681368, 30, 3, 8.304913013984363, 14, 14, 25.624899439072152, 56, 3, 35.65163269453609, 65, 2, 14.491123990139132, 152, 37, 63, 1.0, 
Gavin Williams, 13, 5, -1.9259626890780872, 63, 7, 53.05050464074183, 56, 14, 10.072035874150401, 108, 0, 28.6871626958184, 137, 5, 23.885525218056102, 270, 63, 135, 1.0, 
George Kirby, 21, 4, -1.7388430913808381, 72, 15, -26.69232344101431, 28, 47, -239.34331237811801, 153, 5, 17.10562504106027, 171, 6, 136.5821865592643, 643, 158, 182, 1.0, 
German Marquez, 20, 3, 1.6648029128462134, 72, 18, 13.9501723504465, 47, 14, 7.042343850783794, 118, 0, 0.6857977677638114, 124, 2, 9.655255614906254, 153, 36, 141, 1.0, 
Gerrit Cole, 20, 0, 8.698408033125105, 64, 7, 18.628705693423043, 49, 7, 3.809648509794009, 123, 15, 9.461024975205746, 195, 15, 23.944154980792447, 682, 171, 179, 1.0, 
Graham Ashcraft, 6, 0, 5.39108201430836, 26, 0, 37.833907779732414, 16, 2, 15.506207883860315, 46, 0, 5.218959080891995, 34, 3, 3.0888415085986267, 445, 101, 47, 1.0, 
Grant Holmes, 11, 4, 0.3158826340496903, 43, 7, 1.0675935465073092, 25, 13, 3.4483539905045646, 91, 7, 1.16846995270115, 110, 3, 0.279082491375636, 141, 34, 107, 1.0, 
Grayson Rodriguez, 20, 0, -0.006925062373751324, 71, 1, 6.265426296285734, 50, 4, 1.009074895950267, 131, 2, 5.644428700041873, 172, 10, -0.3323106751282374, 402, 95, 159, 1.0, 
Griffin Canning, 16, 1, 9.068042471088411, 50, 7, 29.925245823843603, 33, 10, -16.872768957586587, 74, 3, -2.7655021220619362, 81, 2, 61.48601435141981, 450, 104, 91, 1.0, 
Griffin Jax, 6, 3, 4.0245019387212295, 24, 4, 19.77062720639558, 18, 7, -22.885444111131207, 47, 3, 6.712612463806913, 80, 5, 87.86428486387923, 300, 72, 69, 1.0, 
Hayden Birdsong, 15, 1, 0.07412459748418632, 54, 10, 2.239461619780016, 62, 4, 0.3370311474881884, 67, 1, 0.04368147774519099, 126, 24, 11.88201365843824, 157, 36, 106, 1.0, 
Hayden Wesneski, 16, 10, -25.501219815320354, 40, 11, -5.637661623418779, 30, 3, 36.60263953418198, 64, 3, 15.88509715753718, 93, 8, -27.8447827198977, 246, 58, 96, 1.0, 
Hogan Harris, 5, 1, -0.5232854758012611, 23, 1, 106.61566608869482, 21, 1, 6.562599729032643, 38, 2, -3.134215676316707, 40, 0, 19.494148962788316, 235, 54, 46, 1.0, 
Huascar Ynoa, 2, 0, 0.5007202165102848, 8, 0, 0.04552803910350811, 5, 0, 0.6149952583382874, 13, 4, 13.950354804190834, 21, 1, 1.6746142419676746, 55, 13, 27, 0.6666666666666667, 
Hunter Brown, 21, 0, 8.721110964699392, 76, 3, 72.67112661179068, 58, 12, -11.529994300289871, 139, 1, 2.236134929835395, 183, 9, 14.103981859020294, 550, 130, 169, 1.0, 
Hunter Gaddis, 6, 2, 5.5745129730381, 20, 6, 69.80631876681161, 16, 3, 47.06279334036583, 43, 7, 2.6792850463562132, 52, 9, 14.999865637269039, 184, 46, 66, 1.0, 
Hunter Greene, 19, 3, 17.102332549785842, 66, 1, 51.386084512997506, 64, 4, 52.42199089229514, 109, 14, -6.526876459399702, 200, 5, 95.24266883473445, 508, 120, 164, 1.0, 
Ian Anderson, 9, 1, 1.6237912180617329, 42, 3, 1.1612604991931512, 38, 7, 17.597796226283855, 72, 11, 11.765209016075682, 77, 3, 15.574842090449504, 102, 23, 84, 1.0, 
J.P. France, 5, 0, -0.2874294849199551, 21, 1, -2.5576777879397907, 13, 0, 26.763506883053797, 30, 3, 49.992944234720255, 25, 0, -0.6228662307218102, 280, 64, 31, 1.0, 
J.T. Ginn, 9, 1, 0.09477266751711033, 37, 3, 0.38528008647533873, 21, 1, 0.04278155707542308, 74, 12, 5.201374344505176, 68, 9, 3.329313279335132, 71, 17, 81, 1.0, 
JP Sears, 27, 8, 0.675370404691197, 84, 11, -8.061143859284748, 51, 2, 3.6039797031767637, 141, 10, -8.354100163840254, 145, 13, 5.826268999706656, 552, 130, 177, 1.0, 
JT Brubaker, 8, 1, 8.566331480653458, 30, 1, 26.03748675088724, 19, 0, 0.009671276781444506, 50, 3, 3.222448630684605, 56, 3, 5.631412578542967, 118, 26, 55, 1.0, 
Jack Flaherty, 21, 5, 7.89071954222333, 69, 3, 7.215181308832942, 57, 1, 99.13991652126802, 129, 4, 20.079435652849604, 178, 5, 18.292585121392033, 447, 105, 162, 1.0, 
Jack Kochanowicz, 10, 5, 0.7322708944683107, 43, 22, 13.17962874856272, 17, 25, 16.39110759936625, 88, 14, 5.465184114223611, 40, 37, 36.722734996303586, 133, 32, 92, 1.0, 
Jack Leiter, 20, 1, 0.027395030677963284, 99, 19, 7.98254053095701, 50, 4, 0.5061547478431381, 111, 21, 9.389588263312604, 90, 0, 0.02030845278221713, 86, 17, 103, 1.0, 
Jackson Kowar, 5, 1, 7.04463455901308, 25, 2, 212.48128282608857, 20, 8, 54.14361767801465, 33, 4, 23.43628834376317, 30, 6, 30.07194169060822, 53, 10, 30, 1.0, 
Jacob deGrom, 10, 2, 6.59240469131057, 35, 7, 30.47667943890553, 23, 57, 50.22192694945841, 63, 7, 29.748327342244117, 181, 18, 18.41046243417957, 113, 31, 120, 1.0, 
Jake Irvin, 25, 8, -3.423524180377987, 81, 15, -14.703854237000677, 57, 0, 0.3667052108631311, 132, 8, 16.880044428778845, 137, 2, 40.435100267653496, 519, 123, 167, 1.0, 
Jakob Junis, 9, 1, 0.5963651500550777, 30, 0, 5.45837381282702, 16, 12, -91.35543420899023, 59, 2, 58.0120997196534, 71, 5, 166.59127864789093, 316, 76, 78, 1.0, 
Jalen Beeks, 4, 3, -7.857927248132221, 24, 1, 95.51395720403352, 19, 2, 1.8076296319750327, 43, 0, 21.982658689726, 43, 1, 141.20809410906963, 233, 53, 46, 1.0, 
Jameson Taillon, 23, 3, 3.2480047413417727, 72, 2, 71.52350549321335, 39, 12, -11.761886655512441, 135, 6, -2.6458915547611817, 136, 9, 52.08645352230471, 665, 160, 166, 1.0, 
Jared Jones, 22, 4, 0.21077185797742137, 72, 4, 0.18583319401345388, 50, 4, 0.16821186169037228, 118, 21, 4.211727282675795, 171, 8, 0.7033169436036673, 252, 60, 158, 1.0, 
Jared Koenig, 5, 5, -3.7750426778968063, 24, 12, 30.817820441233636, 23, 6, -4.474952835646505, 53, 3, 13.72979672592931, 59, 4, 1.4367426563691232, 139, 31, 64, 1.0, 
Jared Shuster, 8, 0, 1.4396712961683003, 34, 4, -10.06451179846491, 29, 5, 48.04822423900109, 56, 0, 164.3279360862024, 46, 10, -49.024211458252324, 220, 50, 64, 1.0, 
Javier Assad, 17, 3, -1.1539223070096867, 54, 10, -3.7569718017752933, 60, 5, 22.631356968828328, 111, 4, 22.774366563316633, 119, 9, -13.451407576831969, 388, 90, 140, 1.0, 
Jeff Hoffman, 6, 1, 2.3632068969668447, 19, 5, -12.673710314961873, 22, 4, 11.505035863525286, 41, 1, 33.931177513473884, 82, 6, 125.95035272340819, 251, 58, 65, 1.0, 
Jeffrey Springs, 18, 5, 4.114376675068089, 47, 11, 5.4922097743740395, 41, 1, 30.102433028428287, 106, 12, -7.649054467450512, 149, 5, 46.395128153702174, 203, 49, 131, 1.0, 
Jesus Luzardo, 19, 0, 0.25433066583439, 72, 12, 28.570480386212438, 49, 7, -5.598902241200339, 115, 9, -7.782122237204074, 147, 22, -84.97511897804597, 463, 109, 148, 1.0, 
Jhony Brito, 5, 1, 10.96955108491129, 21, 5, 46.19078770865936, 12, 3, 33.2550382275534, 42, 2, 11.709968263626688, 32, 1, -1.5870763834275188, 222, 53, 45, 1.0, 
Joe Boyle, 4, 3, 1.221029703240669, 31, 10, 12.23934152686229, 35, 23, 56.87881182461342, 36, 1, 0.3234155555742788, 54, 3, 1.0126143204549987, 113, 23, 45, 1.0, 
Joe Ross, 6, 0, 1.423964774584319, 25, 0, 0.705455893173186, 23, 4, 3.2307636911784776, 50, 6, 18.40353207199758, 53, 0, 1.4745110998016187, 222, 51, 59, 1.0, 
Joe Ryan, 24, 11, -16.29750236367709, 67, 17, -41.71460910318607, 36, 24, -40.211825329484725, 113, 2, 10.923281551779702, 181, 3, 180.09263305489668, 562, 137, 162, 1.0, 
Joey Cantillo, 12, 2, 0.2602116089390685, 46, 1, 0.0969716034685566, 34, 14, 6.835986468844922, 64, 8, 2.5416096196690035, 97, 9, 3.165420460924061, 81, 19, 83, 1.0, 
Joey Estes, 19, 8, 1.2163481040256467, 60, 19, 6.639555926692893, 25, 10, 1.8988095253194075, 94, 0, 0.0022897701747647582, 82, 8, 1.1474353709743692, 271, 63, 112, 1.0, 
Joey Wentz, 9, 0, 9.93212453995209, 35, 0, 36.97516314876863, 29, 0, 35.246013368697035, 54, 6, 3.124303811864408, 63, 5, 99.78923264937058, 288, 63, 62, 1.0, 
Johan Oviedo, 10, 2, 3.381897998490783, 44, 1, 33.430022580933695, 45, 1, 10.744525237161934, 77, 1, 0.46814202182773057, 86, 2, 7.332524397133427, 218, 49, 96, 1.0, 
John Brebbia, 8, 3, 3.2705060791469265, 27, 5, 7.174402775135164, 18, 5, 76.76698949987613, 40, 0, 26.699861101916667, 59, 0, 7.8831605388200305, 214, 49, 51, 1.0, 
Jon Gray, 17, 0, 7.1699194430417075, 68, 8, -11.812263156744336, 45, 5, 35.599066369520116, 123, 8, 52.887477078568466, 130, 8, -4.75077519192714, 565, 133, 145, 1.0, 
Jonathan Cannon, 21, 3, 0.09240851029382702, 74, 12, 1.6091918832988625, 47, 11, 1.1660224454081884, 130, 5, 0.2674080714335183, 112, 8, 0.7185238689818529, 261, 62, 151, 1.0, 
Jordan Hicks, 11, 5, 5.971901060397304, 55, 6, 129.03475974797487, 58, 3, -2.097973316856045, 103, 13, 12.525803009462123, 126, 1, 2.218931811460668, 318, 73, 124, 1.0, 
Jordan Montgomery, 12, 4, -6.063746878922878, 56, 1, 74.92137482869829, 33, 1, 19.175861410532985, 104, 8, 26.36419770957444, 84, 11, -38.13211421341934, 673, 160, 106, 1.0, 
Jordan Wicks, 7, 2, -3.6529152395551847, 23, 2, -4.497411645828304, 16, 3, -13.344500272887593, 39, 1, -1.061957965747904, 36, 3, -10.981823341675707, 143, 32, 42, 1.0, 
Jorge Lopez, 8, 0, 5.2595542576809855, 27, 0, 11.607776618550947, 23, 2, 128.1219365860742, 49, 7, -56.02653008779626, 56, 1, 10.039572098205015, 334, 76, 61, 1.0, 
Jose Berrios, 27, 5, -1.1226415998598869, 82, 10, -10.48538052292177, 52, 7, 14.57486750475464, 149, 24, -47.5096024754186, 167, 6, 28.778345316446913, 775, 186, 190, 1.0, 
Jose Butto, 5, 4, -11.016783033624922, 22, 11, -13.110946689404187, 34, 0, 51.76455228872839, 38, 12, -51.76292756568105, 65, 0, 0.3970738121927805, 189, 46, 64, 1.0, 
Jose Quintana, 14, 3, 25.785908012393584, 59, 4, 36.06334504557168, 50, 5, 40.264252877482676, 116, 6, 40.30040598414273, 117, 5, 63.21415808727294, 503, 118, 139, 1.0, 
Jose Soriano, 11, 5, -0.4797586583282616, 54, 0, 36.49813406807794, 63, 0, 57.89109182339516, 100, 4, 70.98668307729834, 147, 11, -4.5360789662144825, 261, 62, 140, 1.0, 
Jose Suarez, 11, 3, 23.522227096156403, 45, 6, -25.314584039393736, 32, 8, -28.010357811111163, 64, 5, -23.387484643511584, 63, 3, 91.20908635007947, 320, 73, 65, 1.0, 
Jose Urena, 5, 0, 28.828969387019114, 17, 0, 13.660632989675959, 13, 2, -14.32076930739457, 28, 0, 1.8330607807700554, 22, 5, -94.92500517910986, 388, 87, 32, 1.0, 
Jose Urquidy, 5, 0, 7.692773470580652, 15, 2, 28.627538137653573, 10, 3, 8.612025628091672, 24, 0, 8.34967507670898, 23, 3, 35.35555686676494, 229, 55, 29, 1.0, 
Josh Fleming, 3, 0, 9.486725873082277, 13, 4, -141.61299890358356, 10, 1, 91.77823609907153, 26, 1, 113.78297086178469, 15, 4, -112.55515557792461, 244, 55, 25, 1.0, 
Josh Winckowski, 7, 0, 0.6404391029287695, 24, 1, 49.75124084158627, 19, 5, -33.36563627967125, 51, 8, -65.27642900079411, 45, 1, 17.931909469062106, 315, 71, 55, 1.0, 
Justin Steele, 16, 6, 5.393950466557069, 60, 7, 37.66089835345185, 49, 5, 51.66750295982408, 131, 18, -52.03665084615025, 171, 6, 26.135318680576145, 507, 120, 169, 1.0, 
Justin Verlander, 18, 2, 4.417652770974018, 63, 2, 32.332608730188376, 38, 11, -9.256788560567173, 111, 5, 81.23634606856442, 120, 13, 55.864432770585765, 536, 132, 135, 1.0, 
Justin Wrobleski, 7, 2, 1.2738135551477576, 19, 2, 1.1487712779800585, 13, 2, 1.7569867583116512, 21, 7, 12.561959817040645, 22, 5, 7.118647799671919, 77, 18, 30, 1.0, 
Keaton Winn, 6, 1, 3.479820821905702, 25, 5, -44.167741681109845, 12, 6, -57.756050436795874, 31, 2, 27.885099766983497, 32, 2, -6.30805544436171, 164, 38, 38, 1.0, 
Keegan Akin, 8, 2, 30.426546110275325, 36, 0, 50.33107590665914, 20, 11, -62.19815350623577, 61, 5, 188.71437141700773, 79, 11, 11.885688504340067, 295, 69, 70, 1.0, 
Keegan Thompson, 6, 3, 1.9995016205206113, 23, 5, 84.07868136746066, 34, 3, 26.942226232047616, 36, 3, 29.23361820904737, 62, 2, 170.03182448648295, 245, 56, 58, 1.0, 
Keider Montero, 9, 4, 1.9324463039860262, 25, 6, 3.798969585907713, 15, 3, 0.8812727916415692, 41, 1, 0.08907274208218152, 39, 1, 0.09328987358733576, 206, 49, 50, 1.0, 
Ken Waldichuk, 4, 0, 2.6623621251693494, 17, 1, 46.289371847745095, 12, 0, 0.16765159229448712, 25, 0, 4.803884252282038, 27, 1, 39.11852415236659, 168, 37, 29, 1.0, 
Kenta Maeda, 10, 4, -12.229963756034795, 33, 6, -21.34197758710168, 16, 6, -16.626543838825327, 50, 7, -31.364714301008732, 56, 2, 63.17172086637085, 396, 93, 58, 1.0, 
Kevin Gausman, 20, 4, 0.4308724611575121, 72, 2, 11.088382087436187, 53, 2, 41.41346492089708, 149, 11, 72.86047389847622, 194, 29, -99.2406788438588, 754, 183, 186, 1.0, 
Kodai Senga, 15, 0, 0.005306041206474701, 51, 2, 0.16851442910689618, 67, 35, 37.83899781469633, 101, 0, 0.0073286356907904665, 187, 6, 1.1827760983423201, 208, 49, 155, 1.0, 
Kris Bubic, 9, 2, 6.498144741697338, 38, 0, 8.560557613476012, 27, 12, 73.41229762004446, 84, 16, -4.181865360095657, 118, 8, 52.064978440940465, 294, 67, 102, 1.0, 
Kutter Crawford, 20, 9, -2.3108542022665475, 63, 19, -6.04785757406799, 39, 1, 0.5509045132167314, 96, 9, 32.25920443924885, 133, 3, 0.7561348418260305, 502, 120, 134, 1.0, 
Kyle Freeland, 25, 7, -2.5921847989596642, 84, 8, -0.7700249426600259, 40, 16, -33.59064314505396, 149, 7, 7.874154698658284, 105, 11, 26.601430576050944, 612, 140, 149, 1.0, 
Kyle Gibson, 18, 2, 2.9191122349115064, 70, 13, -23.451422527663368, 51, 6, 9.227671217487405, 123, 10, -15.930371876471348, 125, 5, 8.883479467029227, 750, 177, 146, 1.0, 
Kyle Harrison, 22, 11, 12.405027764356163, 63, 19, -26.423121216620686, 43, 7, -6.269786867367035, 102, 3, 12.424373608775685, 131, 5, 85.18461795995208, 271, 63, 134, 1.0, 
Kyle Hendricks, 17, 1, 10.515781402668738, 68, 6, 9.901072424167975, 34, 4, 7.592209165848152, 114, 1, 59.10839497605951, 85, 4, 22.833583997880233, 571, 133, 123, 1.0, 
Kyle Muller, 7, 0, 7.018554085194327, 30, 0, 1.96027150967228, 18, 3, -3.328412122639641, 50, 2, -2.5562273669364473, 40, 6, -6.285175613127592, 211, 47, 52, 1.0, 
Kyle Wright, 12, 2, 1.4785797244405887, 57, 6, 22.71929315827301, 40, 3, 1.2906321816342077, 88, 0, 33.477232423548976, 88, 20, 60.18441581275057, 192, 45, 86, 1.0, 
Lance Lynn, 19, 9, -8.846533072195747, 59, 10, 70.20828858413759, 43, 7, 48.24768373563207, 101, 3, 9.494019811169238, 124, 1, 13.92002746074566, 618, 144, 125, 1.0, 
Lance McCullers Jr., 6, 1, 0.4806770481636323, 20, 3, 6.942266076380112, 30, 16, 37.20997271123015, 48, 3, 1.9315358106057556, 78, 10, 19.65865908672651, 87, 20, 70, 1.0, 
Landon Knack, 8, 6, 4.69114802159568, 18, 6, 3.995254560448231, 12, 1, 0.20231152137532638, 30, 0, 0.03912854904634039, 47, 5, 2.6050925894185397, 143, 34, 48, 1.0, 
Logan Allen, 4, 0, 16.848969757821635, 17, 0, 6.7932838586949424, 11, 0, 19.566423729341803, 31, 1, 45.090777363402985, 25, 3, -40.57702590445335, 257, 58, 32, 1.0, 
Logan Gilbert, 25, 4, 0.8430416366624014, 75, 2, 30.219323620786493, 42, 28, -86.54831256703444, 134, 16, -24.65115997078057, 198, 10, 108.2961508279143, 710, 175, 195, 1.0, 
Logan Webb, 15, 19, -39.40430673173891, 75, 22, -51.93173274632369, 45, 17, -10.597104518102839, 173, 14, 5.186577344393676, 170, 25, -61.69935280846536, 768, 190, 198, 1.0, 
Lucas Giolito, 22, 13, 8.797081077127071, 62, 18, 5.354182668545718, 45, 13, 11.575943756926993, 94, 9, 56.05957803739874, 137, 7, 10.544284330666171, 368, 87, 124, 1.0, 
Luis Castillo, 23, 4, 2.6887337314004194, 70, 0, 17.64848359840307, 52, 5, 9.10342047227215, 133, 4, 19.507905154777905, 193, 16, -35.39598643887508, 734, 177, 181, 1.0, 
Luis Garcia, 11, 2, 6.752907416592925, 48, 6, 23.881859461612294, 29, 0, 20.74649911097468, 87, 6, -6.725719694505425, 101, 16, -112.9389052492719, 190, 45, 103, 1.0, 
Luis Gil, 18, 3, 2.5437281581126117, 59, 13, 4.430295301414944, 80, 6, 54.198356292064524, 87, 12, 0.9416115133889953, 173, 9, 26.04100333584151, 218, 51, 151, 1.0, 
Luis L. Ortiz, 18, 2, -0.29901056179418517, 63, 1, 37.43367194343519, 56, 22, 37.27352160983992, 117, 2, 16.32959669802011, 112, 16, 37.411629212130165, 382, 88, 146, 1.0, 
Luis Severino, 27, 13, 1.5827963394460411, 88, 15, 28.69957098367216, 61, 17, 6.274820300837163, 144, 3, 10.325427897243499, 160, 9, 3.066486192453837, 490, 115, 174, 1.0, 
Luke Weaver, 9, 2, 70.80151519975428, 34, 2, 77.14804291050646, 22, 3, 15.248252538845062, 55, 5, 215.33572993893347, 74, 1, 89.08286582234204, 335, 76, 69, 1.0, 
MacKenzie Gore, 21, 0, 27.00693021669849, 76, 5, 8.976860874028912, 66, 23, -69.8686386195698, 144, 15, 21.303987756134916, 179, 14, -14.915853992976352, 502, 115, 166, 1.0, 
Marcus Stroman, 12, 3, -1.756449192827274, 49, 1, 21.834187766392127, 39, 5, 79.14279580482864, 97, 9, 21.54226813695763, 90, 0, 33.02355634126565, 637, 151, 112, 1.0, 
Martin Perez, 20, 3, 6.552416446879305, 67, 6, 36.34409052216948, 48, 10, 34.79865058484013, 130, 19, -73.18202209250329, 109, 7, 33.881567028408824, 632, 146, 142, 1.0, 
Mason Black, 7, 3, 1.4615064585312325, 30, 9, 9.500257700143905, 17, 2, 0.7638800082797648, 46, 4, 2.2374390691157586, 38, 6, 4.655001473639729, 84, 18, 43, 1.0, 
Mason Miller, 5, 3, 6.4269603673938285, 22, 4, -9.335973898644077, 27, 10, -52.506748411548074, 36, 4, 30.22433798879726, 93, 13, -66.71304279889435, 155, 39, 66, 1.0, 
Matt Manning, 5, 1, 0.6914496228413416, 22, 2, -5.836611325170093, 16, 2, -3.547064111636846, 40, 4, 75.58670031186827, 35, 6, -63.03635347297228, 271, 63, 45, 1.0, 
Matt Moore, 6, 2, 8.196145223452277, 16, 1, 66.7138878586541, 17, 0, 72.38899053073519, 25, 0, 44.971051601545405, 38, 7, -64.32096919825887, 266, 61, 38, 1.0, 
Matt Strahm, 6, 0, 8.956175611081106, 19, 2, 85.72940692895985, 16, 8, -3.4445199532554227, 39, 6, 53.13419227115752, 81, 5, -15.206016977504923, 242, 60, 66, 1.0, 
Matt Waldron, 11, 4, 5.501180428235994, 35, 8, -22.28004121003876, 19, 0, 0.5795560028374139, 56, 3, 26.384648869301426, 58, 8, 25.908918808824865, 319, 74, 70, 1.0, 
Matthew Boyd, 13, 1, 1.5846571930929512, 46, 8, 61.3410624335251, 37, 5, -3.5611917975541, 85, 5, 0.0038407660039396774, 125, 1, 8.017420747072189, 233, 54, 113, 1.0, 
Matthew Liberatore, 9, 2, 6.105762755966827, 41, 3, 8.754886894181709, 28, 8, -30.13563984346817, 70, 2, 12.158442334914627, 62, 8, 39.15991531192191, 246, 56, 76, 1.0, 
Max Fried, 15, 8, -10.840155458990445, 57, 7, 89.29152386086889, 48, 3, 46.29160267584681, 133, 21, -31.927181718680686, 169, 2, 3.904089416135176, 606, 150, 174, 1.0, 
Max Meyer, 29, 8, 1.0944318908637953, 80, 10, 1.4292949319391646, 46, 31, 14.28362395004379, 106, 1, 0.0415116991335171, 102, 6, 0.5325213922471956, 124, 28, 126, 1.0, 
Max Scherzer, 17, 7, -7.481624935358909, 45, 2, 38.75975915834233, 29, 11, -25.396595028671427, 81, 6, -4.772958613259874, 123, 11, 16.681111793719808, 514, 129, 115, 1.0, 
Merrill Kelly, 19, 3, -1.1225336180994208, 63, 6, -3.047392042844251, 46, 4, 16.955337231636566, 115, 2, 49.44033099075692, 140, 0, 120.09355316122334, 623, 152, 153, 1.0, 
Michael Grove, 6, 1, 8.898918510531066, 24, 7, -93.01056734174549, 13, 1, 40.04458636197717, 38, 0, 11.972435889020309, 44, 2, 5.058505881947234, 201, 46, 43, 1.0, 
Michael King, 16, 2, 1.4234298022834069, 55, 3, 6.69567008066614, 57, 7, 1.3654546269442598, 123, 15, -14.659717989883731, 203, 0, 29.60748460293592, 407, 97, 172, 1.0, 
Michael Kopech, 8, 4, -14.334204689974456, 25, 6, -15.709074381034355, 31, 5, -2.046553629973019, 34, 2, 64.54874047037104, 69, 5, -2.9389437689751503, 412, 96, 58, 1.0, 
Michael Lorenzen, 17, 0, 17.237116143125824, 60, 4, 19.09741764545287, 57, 2, 1.7715896008445746, 101, 20, -79.70059863269245, 108, 20, -60.15337051132627, 424, 102, 139, 1.0, 
Michael Wacha, 19, 1, 7.052983625096033, 62, 5, 44.84400935296601, 45, 0, 9.60700638619841, 128, 1, 47.32772970898535, 143, 12, 14.271856648391726, 570, 137, 163, 1.0, 
Mike Clevinger, 6, 0, 3.1984477334912973, 22, 0, 4.361105100948494, 15, 2, 1.1102003836883876, 40, 4, 11.9049370672187, 41, 4, 5.292740298960766, 222, 52, 51, 1.0, 
Miles Mikolas, 24, 0, 1.181535740191978, 95, 9, 2.2120776059215537, 35, 39, -197.15648796278583, 166, 15, -27.73541788732507, 122, 7, 7.254682145870131, 642, 154, 174, 1.0, 
Mitch Keller, 22, 2, 6.379490149690492, 86, 2, 32.8190562824387, 57, 7, -4.3863575715375145, 161, 17, -18.93858621893338, 177, 13, 33.018459125905025, 688, 157, 181, 1.0, 
Mitch Spence, 16, 0, 0.0004317849341406131, 60, 12, 2.2255945259147225, 35, 3, 0.14806022576338873, 114, 22, 7.2508766198104695, 100, 11, 1.957402366761407, 325, 75, 121, 1.0, 
Mitchell Parker, 17, 2, 0.07455787840403105, 69, 7, 0.5774549822294439, 41, 2, 0.05817631528287359, 130, 13, 1.8930542358875648, 126, 24, 5.986190886490121, 323, 75, 146, 1.0, 
Nathan Eovaldi, 21, 2, 7.201372528684808, 69, 3, 26.97769711086976, 44, 9, 28.110316300069073, 126, 3, 70.30357947535109, 163, 13, -10.999698034574394, 624, 151, 168, 1.0, 
Nick Lodolo, 20, 8, 52.72068554635, 69, 19, -80.56272636793088, 41, 9, 130.78001767155502, 110, 17, 288.46326999622676, 148, 11, 12.333270349472542, 341, 78, 126, 1.0, 
Nick Martinez, 16, 3, 5.8183672085893265, 58, 17, -37.03701345647748, 40, 27, -101.58251278005758, 123, 3, 1.269289867199408, 133, 11, -13.809552338917193, 458, 111, 153, 1.0, 
Nick Nastrini, 13, 0, 4.47180732134145e-06, 53, 11, 6.072090047402739, 64, 54, 134.937773379821, 51, 14, 9.915329319769072, 52, 10, 5.093320195193307, 87, 17, 69, 1.0, 
Nick Pivetta, 24, 16, -46.67170766961701, 67, 28, -147.36302747448343, 47, 4, 38.55570409712182, 104, 0, 23.438694190684238, 178, 9, 9.510882941134028, 654, 155, 151, 1.0, 
Noah Syndergaard, 7, 3, 23.51635102304552, 22, 4, 23.467921320258988, 8, 5, 16.77123187546254, 34, 2, 46.12660816260348, 24, 1, 3.277988966449393, 205, 47, 36, 1.0, 
Osvaldo Bido, 7, 8, -16.020788904555893, 46, 10, -21.13573826661365, 38, 14, -25.639077060418373, 76, 1, 0.3106777140246262, 95, 6, 2.093470663514008, 198, 45, 98, 1.0, 
Pablo Lopez, 24, 3, -0.1904081405923832, 80, 8, 9.941375264060312, 48, 18, -37.285132805936684, 150, 12, 31.26324521764606, 209, 0, 18.007696479591083, 681, 165, 190, 1.0, 
Patrick Corbin, 15, 1, 3.752531645728641, 61, 3, 36.46195635259512, 31, 7, 19.329466205653986, 101, 1, 14.557204665649197, 73, 10, 5.292700176351715, 754, 169, 97, 1.0, 
Paul Blackburn, 14, 1, 10.62027559892769, 50, 2, 59.4601368882049, 31, 1, 8.722904188604106, 91, 3, 3.490385031776558, 83, 4, -5.111743859060004, 355, 81, 99, 1.0, 
Paul Skenes, 13, 6, 0.32090470850056585, 41, 26, 5.288134983959026, 43, 18, 2.549886679773355, 109, 6, 0.3571416517143762, 216, 22, 3.9362577135002255, 257, 66, 171, 1.0, 
Pedro Avila, 4, 1, 0.15887106351345182, 20, 2, 6.335696135054093, 22, 0, 8.409856190300598, 39, 0, -0.4884638271393067, 49, 10, -72.6129841024802, 229, 52, 49, 1.0, 
Quinn Priester, 5, 0, 3.803254602058831, 20, 0, 147.53917093379852, 11, 0, 16.29605671985815, 30, 0, 30.090063681230763, 21, 1, 36.149508030498154, 182, 39, 31, 1.0, 
Randy Vasquez, 12, 0, 3.401757813456058, 44, 11, -27.41975728719838, 34, 1, 9.664775778006259, 86, 2, 50.36545783847007, 67, 2, -0.1524894972868922, 238, 54, 92, 1.0, 
Ranger Suarez, 16, 9, -13.458103954549529, 67, 19, -47.801653870753896, 52, 0, 22.48772526962569, 140, 2, 27.41984318334003, 155, 7, 36.12642687236505, 561, 134, 163, 1.0, 
Reese Olson, 13, 6, 17.684896335374575, 57, 3, 72.83294390327542, 42, 5, -2.654927971542472, 108, 0, 2.2528387332271995, 129, 22, -45.044201799453035, 354, 86, 141, 1.0, 
Reid Detmers, 19, 6, 0.46947003746291927, 72, 18, -31.33546569394818, 50, 3, 80.5657299789816, 102, 5, 45.92634310552633, 134, 8, -12.175697694674042, 418, 96, 117, 1.0, 
Reynaldo Lopez, 14, 3, 18.750393082001903, 47, 8, 41.12704657789827, 55, 0, 40.10158219953378, 109, 15, -19.06894907669127, 182, 22, -20.685548629780158, 324, 80, 160, 1.0, 
Rhett Lowder, 2, 17, 5.933102064943455, 20, 46, 44.056970846287754, 48, 1, 0.03515840457830105, 85, 7, 1.0473011199585223, 79, 25, 12.987679792725373, 64, 15, 105, 1.0, 
Roansy Contreras, 5, 0, 15.334923700255834, 17, 2, -10.503055900722913, 14, 0, 1.6281255887055233, 26, 0, 33.52152778127321, 27, 2, -6.444802466925907, 312, 71, 32, 1.0, 
Robbie Ray, 24, 19, -18.460518819068923, 65, 34, -21.79255323829119, 63, 7, 4.31115371467425, 77, 14, 10.754965289310881, 196, 1, 14.606114356718974, 391, 96, 144, 1.0, 
Roddery Munoz, 8, 5, 6.88935297498918, 21, 1, 1.0015829151642723, 14, 0, 0.035031539508022846, 22, 3, 3.5867924609732, 24, 0, 0.07047322948223844, 189, 41, 29, 1.0, 
Ronel Blanco, 25, 12, -1.9282894028419548, 61, 2, 3.9026584991817215, 72, 16, 37.53092874657337, 100, 7, 68.81003410112237, 161, 3, 39.843157003727406, 360, 87, 162, 1.0, 
Ross Stripling, 7, 0, 67.91414141061303, 32, 5, 26.90854110547575, 13, 6, -62.366095755751815, 56, 8, -16.050012861204635, 38, 3, 27.651289992873156, 432, 102, 55, 1.0, 
Ryan Feltner, 19, 14, 21.549445142684775, 93, 3, 22.686218376016015, 69, 13, 70.91108846699709, 150, 20, -30.92195716372342, 140, 14, -23.625599993917632, 409, 93, 164, 1.0, 
Ryan Pepiot, 21, 9, -10.048389957032764, 52, 1, 68.17866044052639, 51, 0, 165.88085815267965, 90, 15, 26.044823859480218, 160, 10, 32.57086893010308, 265, 64, 152, 1.0, 
Ryan Walker, 6, 2, -0.10581456162337766, 20, 15, -74.89802985782927, 21, 10, -42.42068579874251, 48, 4, 30.6824879822225, 87, 4, -10.14511674571143, 228, 56, 70, 1.0, 
Ryan Weathers, 21, 2, 4.315256196516928, 71, 1, 35.75016691776656, 48, 1, 4.13592393957442, 113, 4, 62.01813864327744, 117, 20, -54.823886867831376, 297, 68, 133, 1.0, 
Ryan Yarbrough, 5, 0, -0.864957698662066, 18, 3, -25.012728454858767, 11, 1, 62.588446618406074, 32, 1, 53.90284820932685, 31, 9, -14.229504421141144, 445, 105, 42, 1.0, 
Ryne Nelson, 12, 0, 3.4460282549289114, 49, 1, 4.550190073433609, 25, 5, -3.4420407363895933, 88, 1, 77.1512760472672, 73, 6, -2.661691104761651, 499, 117, 96, 1.0, 
Sam Long, 6, 0, 15.543817977798094, 25, 1, 11.349417418133996, 21, 8, -46.01079292385529, 43, 1, 38.745517967642066, 48, 6, -53.694352149058176, 183, 42, 55, 1.0, 
Sandy Alcantara, 17, 4, 0.953410043037981, 64, 0, 8.758471953896816, 41, 7, 3.108777752126481, 127, 5, 6.78598664467736, 140, 7, 6.2226467835682895, 414, 102, 163, 1.0, 
Scott Alexander, 3, 4, -3.0975805908241156, 19, 9, -61.57650357822831, 17, 5, -24.261273693398834, 43, 0, 27.071385634618355, 37, 3, -2.5015605948770983, 147, 34, 49, 1.0, 
Sean Manaea, 21, 2, 3.4401321082760723, 75, 16, -34.06329135758707, 57, 12, -4.891191475548695, 123, 6, -0.8598246813165265, 179, 13, 4.561932847964073, 665, 158, 174, 1.0, 
Seth Lugo, 19, 2, 3.560780963770739, 68, 1, 16.171224983215225, 48, 10, 3.9752309087513957, 144, 19, 19.151341624447966, 178, 14, -12.022973856006104, 476, 115, 186, 1.0, 
Shane Baz, 17, 3, 2.68300783387166, 53, 9, 7.47169365069464, 46, 11, -2.3793311394339085, 93, 6, 0.4321520276878914, 132, 6, 15.482654548217102, 137, 33, 142, 1.0, 
Shane Bieber, 9, 2, 1.035975175018353, 34, 1, 1.8327754337983269, 23, 6, 13.824658328659082, 71, 9, 30.407197632320756, 84, 6, 8.873028933099379, 288, 70, 89, 1.0, 
Shane McClanahan, 17, 0, 0.4470890672399908, 52, 14, 3.8497902695916153, 45, 2, 20.883858481454496, 102, 18, 23.099829210255365, 158, 1, 7.925714776828353, 271, 67, 145, 1.0, 
Shawn Armstrong, 6, 3, 19.45315506156581, 28, 4, 85.92472805814523, 20, 2, 5.891050784614414, 57, 4, 2.09131365183336, 65, 5, -15.91240411758021, 234, 53, 64, 1.0, 
Shintaro Fujinami, 3, 3, 11.87227276217049, 19, 4, 20.81946177000708, 14, 2, 7.415002348198312, 20, 1, 2.7861807224739854, 25, 8, 73.38289191305438, 107, 23, 25, 1.0, 
Shohei Ohtani, 13, 3, 3.2784378486103387, 38, 0, 8.592818491874773, 43, 4, 3.404763488124285, 67, 5, 4.2943852119012105, 151, 11, 104.49028195834651, 287, 71, 118, 1.0, 
Shota Imanaga, 25, 12, 1.250139781138941, 55, 1, 0.025992048271940293, 32, 30, 7.092653321729472, 119, 15, 1.692560037485972, 170, 20, 2.9933897988525118, 347, 86, 172, 1.0, 
Simeon Woods Richardson, 15, 2, 0.06088212520012115, 58, 6, 0.6390358460475145, 48, 18, 4.483906371405226, 104, 7, 0.6582169785950631, 113, 2, 0.06564879429295889, 284, 66, 128, 1.0, 
Slade Cecconi, 8, 3, -4.614993684011974, 30, 7, -23.342032363897815, 10, 8, -64.31714406836377, 46, 2, 6.486806358734935, 38, 7, 53.130979700800026, 179, 41, 49, 1.0, 
Sonny Gray, 17, 3, 26.78134167922065, 66, 4, 128.25835057038594, 48, 8, 17.26437035667654, 130, 9, 25.90746005690189, 195, 3, 27.188915683248137, 622, 151, 175, 1.0, 
Spencer Arrighetti, 20, 2, 0.05605217436883736, 72, 12, 1.8094447320756117, 65, 13, 1.8845186358043264, 115, 3, 0.14004070225874665, 168, 11, 1.358443801284647, 316, 72, 141, 1.0, 
Spencer Schwellenbach, 19, 3, 0.10227985397548234, 63, 17, 2.3997031270471396, 34, 28, 6.795397811937107, 124, 17, 2.5293926503535182, 169, 5, 0.21394008173297818, 250, 61, 163, 1.0, 
Spencer Strider, 11, 0, 4.6667159871504555, 43, 10, 23.696281252142605, 39, 21, 18.312607224150057, 72, 14, 12.823620377567071, 171, 15, 9.529048948391925, 277, 68, 114, 1.0, 
Spencer Turnbull, 8, 1, 6.102801812267576, 34, 3, -3.56554198184946, 28, 2, 19.034728895895306, 54, 10, -28.88168342384745, 69, 11, -73.67652054323793, 164, 39, 71, 1.0, 
Steven Matz, 14, 0, 5.085016762862486, 52, 1, 41.471972540127865, 31, 1, 12.321937782159083, 94, 0, 106.21997972075741, 87, 2, 115.7661911633125, 373, 86, 100, 1.0, 
Taijuan Walker, 12, 4, 6.217907820203926, 40, 6, -14.893030622740056, 27, 4, -13.708869188093601, 57, 6, 53.064619776674306, 51, 8, -8.289074366666142, 604, 142, 66, 1.0, 
Taj Bradley, 27, 12, -5.536654823746176, 82, 7, 0.46390905745970024, 57, 6, 64.93587417220209, 123, 17, -15.171405846165761, 185, 10, -0.6890439666745714, 415, 96, 160, 1.0, 
Tanner Bibee, 19, 3, 1.956444910308131, 65, 19, -20.01677644065846, 48, 6, 6.009904164230445, 130, 17, -19.544737795290274, 179, 1, 17.18025253626173, 518, 126, 171, 1.0, 
Tanner Gordon, 9, 5, 5.1687035052370405, 31, 4, 4.981085812496445, 8, 16, 57.266215263137724, 41, 3, 2.6321640700968167, 26, 6, 7.742745596835135, 80, 17, 33, 1.0, 
Tanner Houck, 15, 10, 5.264781527438714, 73, 3, 123.7341852328936, 57, 9, 2.4817078771071124, 143, 3, 27.289869737659057, 160, 18, -43.9623908545815, 434, 103, 176, 1.0, 
Tarik Skubal, 16, 7, 11.720168926345208, 60, 9, -1.6645208620840286, 42, 31, -94.36450397211547, 131, 0, 10.784288174920018, 224, 5, 22.814170775119862, 543, 134, 190, 1.0, 
Tobias Myers, 16, 4, 0.2999040936014685, 43, 3, 0.14481257015878524, 35, 4, 0.20231152137532638, 100, 27, 9.233893772335065, 122, 1, 0.02757857386506546, 284, 69, 133, 1.0, 
Tommy Henry, 4, 1, -1.6875466713797902, 16, 1, 4.9215121093253416, 11, 0, 67.01304792747318, 24, 3, -19.247891919333682, 19, 3, -47.2883422755836, 238, 53, 25, 1.0, 
Tony Gonsolin, 14, 5, 12.497240554768288, 43, 5, 65.17075260513238, 39, 5, 10.671487910305402, 62, 17, 13.730674369381376, 87, 6, 31.835836032927645, 195, 48, 98, 1.0, 
Trevor Rogers, 6, 2, 0.005809321771895526, 28, 3, 5.251437973619339, 21, 7, -11.865483575186474, 50, 1, 15.533207357505542, 43, 7, -1.6226296040008634, 370, 84, 51, 1.0, 
Trevor Williams, 13, 0, 52.374778319758676, 43, 10, -11.266964356700441, 34, 0, 8.66761628495445, 94, 5, 24.0642004075307, 97, 0, 76.44406006879457, 424, 97, 112, 1.0, 
Triston McKenzie, 21, 13, -6.690206744233194, 53, 14, -8.12476484618334, 58, 6, 33.348098118593, 67, 0, 21.653306397228167, 106, 6, 35.237919494570065, 367, 90, 105, 1.0, 
Tyler Alexander, 12, 6, -35.14786099148266, 34, 6, 9.979270743167731, 14, 9, -39.045402839477475, 54, 3, 16.88307659841379, 56, 1, 39.24324143562967, 378, 89, 65, 1.0, 
Tyler Anderson, 22, 1, 16.864347338833163, 80, 6, 13.13873832874037, 67, 13, -26.714932614128678, 136, 2, 24.709651660919974, 140, 16, 0.9779686988919707, 701, 166, 171, 1.0, 
Tyler Gilbert, 7, 3, 14.966264004227046, 20, 3, 36.92536484088656, 12, 1, 1.9933674793957192, 29, 9, 45.9190973650272, 26, 10, 46.269314236469285, 30, 7, 41, 1.0, 
Tyler Glasnow, 15, 2, -0.6389118637671067, 51, 12, -15.140529154268343, 40, 8, 2.8043978556807723, 84, 10, 4.050368243270235, 178, 18, -16.01273789769516, 390, 99, 139, 1.0, 
Tyler Holton, 6, 2, 0.4627494388385518, 18, 8, -25.959304735151278, 15, 9, -34.086474402220716, 40, 11, -52.01305729501763, 62, 9, -31.414684376073083, 271, 71, 72, 1.0, 
Tyler Mahle, 21, 12, 12.642716173035861, 51, 9, 3.5922307802020583, 35, 9, 40.844791600056595, 92, 0, 19.0630337217564, 146, 10, 8.332725455833035, 227, 54, 131, 1.0, 
Tyler Phillips, 8, 5, 5.267738604818234, 26, 8, 13.651817499300847, 7, 7, 9.98977183781028, 35, 2, 1.112342739061475, 26, 6, 6.956185477471266, 80, 18, 35, 1.0, 
Tylor Megill, 9, 0, 10.636450954944507, 35, 0, 42.32158993816336, 28, 8, -29.392169937265592, 62, 2, -3.354899354447218, 76, 3, 122.10511643657696, 370, 85, 73, 1.0, 
Valente Bellozo, 14, 9, 3.906941379842749, 29, 3, 0.5182737519255172, 21, 3, 0.5748360420299212, 56, 4, 1.1140645014650143, 47, 13, 7.9271999415242504, 147, 34, 70, 1.0, 
Wade Miley, 4, 0, 3.272514789427461, 15, 5, 4.399032638488848, 13, 3, 6.492479281714008, 31, 6, 40.17710972070327, 29, 4, 18.1190438902915, 223, 53, 41, 1.0, 
Walker Buehler, 24, 10, 6.296112401466985, 74, 1, 2.418220377192186, 47, 1, 0.41875225356308976, 129, 3, 14.422442731441764, 123, 8, 77.17238401045847, 334, 81, 139, 1.0, 
Yariel Rodriguez, 12, 2, 0.1714065356440453, 47, 10, 2.386159235936198, 45, 1, 0.0391248627295297, 72, 7, 1.3038434535454577, 94, 14, 4.6180390749718185, 184, 43, 97, 1.0, 
Yoshinobu Yamamoto, 13, 5, 0.2587233706673975, 53, 2, 0.0756458166845454, 41, 16, 2.2831674812263643, 122, 31, 8.499871551315522, 187, 5, 0.2567211127825231, 184, 45, 160, 1.0, 
Yu Darvish, 20, 6, -2.7136819080658015, 61, 13, -28.255394290622142, 42, 3, 10.132331559517052, 108, 3, 0.20461150807384865, 152, 5, 6.9527304763813245, 589, 144, 152, 1.0, 
Yusei Kikuchi, 26, 8, -2.7663915374124173, 78, 1, 2.5191951165968747, 53, 3, 26.97989342106747, 135, 5, 19.807158472903794, 191, 18, -16.005960720958413, 639, 149, 169, 1.0, 
Zac Gallen, 17, 7, -4.347984097176598, 68, 9, -8.430753526478252, 53, 2, 53.701296105214844, 133, 6, 0.7466222991980658, 182, 5, 18.625479533916984, 676, 165, 173, 1.0, 
Zach Eflin, 21, 1, 1.5023269842731857, 71, 8, -4.694501074302583, 30, 34, -176.47098948064718, 145, 3, 23.743512918020038, 154, 6, 21.318786428567886, 535, 130, 172, 1.0, 
Zack Littell, 19, 2, -0.8393506105389017, 59, 3, 3.954010274481523, 29, 16, -25.251915745583688, 118, 7, 27.82341314521014, 117, 16, -7.950760915796934, 369, 87, 135, 1.0, 
Zack Thompson, 5, 0, 0.25908693710222386, 20, 1, 21.656750889779246, 18, 6, 12.34259587226596, 38, 2, 72.72211510038494, 48, 1, 34.65664063168595, 90, 21, 48, 1.0, 
Zack Wheeler, 19, 3, 0.19019394523090982, 65, 9, -8.885805858383282, 49, 22, -50.70192144532652, 134, 9, 21.303015000505745, 220, 10, 33.86672460092286, 757, 189, 197, 1.0, 
Zebby Matthews, 20, 18, 12.12561564098317, 56, 20, 14.49550741679343, 24, 9, 3.2460873912183956, 83, 7, 1.9119320596687466, 87, 23, 20.064153762491117, 88, 18, 78, 1.0, 
