Aaron Ashby, 2, 0, 0.735525227774966, 10, 0, 6.032837536954171, 10, 0, 32.815036102557876, 19, 1, 16.946244993939853, 33, 0, 2.480036584256637, 169, 38, 28, 1.0, 
Aaron Civale, 23, 5, 10.831244969102015, 73, 3, 34.575811391071575, 47, 2, 13.08697025488836, 128, 6, 8.125276253791771, 153, 23, -73.1944857793739, 524, 126, 161, 1.0, 
Aaron Nola, 28, 6, -2.974791988974056, 85, 1, 30.57189399591937, 48, 22, -40.62635068383442, 155, 6, 14.25556106891066, 208, 7, 41.79426868964751, 792, 194, 199, 1.0, 
Adam Mazur, 6, 0, 0.057411591729837785, 28, 1, 0.2976558820354267, 20, 5, 6.91109810195465, 35, 8, 13.454987025333935, 23, 11, 25.11624258969249, 79, 16, 33, 1.0, 
Adam Oller, 8, 0, 23.841274631412627, 32, 2, 299.6237769228293, 23, 3, 0.05195921190136943, 41, 1, 2.3753140754168474, 32, 5, 81.95577257010353, 194, 41, 42, 1.0, 
Adrian Houser, 7, 3, -5.983448375300714, 38, 1, 23.98867035702458, 27, 9, -51.445243748951555, 65, 2, 122.63589865379952, 49, 1, 44.817897473536014, 461, 106, 69, 1.0, 
Albert Suarez, 17, 0, 0.00721892620553484, 55, 5, 0.44529446505754855, 41, 9, 1.190364931107796, 112, 1, 0.04309850856991104, 106, 7, 0.7810661659669798, 282, 66, 133, 1.0, 
Alec Marsh, 21, 8, 0.5346980692154375, 69, 12, -19.04793575629067, 49, 1, 0.5754112860729785, 105, 1, -0.4250192907189996, 134, 17, -39.32545857183774, 356, 81, 129, 1.0, 
Alex Faedo, 8, 4, -12.137750666814881, 25, 4, 80.6869389396295, 24, 3, -9.12732160865745, 40, 5, -14.58329284661609, 52, 1, 57.690609397579635, 233, 54, 57, 1.0, 
Alex Wood, 5, 0, 6.404972797967075, 20, 1, 10.781787677914906, 15, 5, -13.06822760923177, 39, 5, -77.03851620375778, 34, 3, -2.627291632417851, 438, 101, 39, 1.0, 
Andre Pallante, 10, 10, -29.072028673099396, 55, 9, -9.348655454297393, 46, 20, -102.93710604424075, 110, 2, 20.632771654484987, 87, 3, 10.20743174320883, 393, 92, 121, 1.0, 
Andrew Abbott, 21, 10, -5.929761235951602, 58, 3, -0.9674021430657618, 53, 2, 72.35334338365814, 104, 9, -9.174703184746917, 128, 4, 26.69506065996702, 418, 98, 138, 1.0, 
Andrew Heaney, 24, 8, -1.9641714520141313, 73, 7, -6.121493593285395, 50, 7, 119.03331938025786, 128, 5, 6.953758068742349, 174, 7, 21.455032493138773, 550, 127, 160, 1.0, 
Austin Gomber, 28, 10, -17.140478475419833, 91, 12, -7.098129229719547, 45, 8, -3.2126518095460455, 151, 1, 53.86911447683247, 117, 8, 29.558758394538927, 579, 135, 165, 1.0, 
Austin Voth, 9, 3, -9.579990027909489, 29, 3, 38.91536085046702, 21, 1, 18.347250264658676, 47, 3, -16.77128106013103, 59, 2, 63.71773714479828, 274, 63, 61, 1.0, 
Bailey Falter, 21, 4, 10.798596229656455, 73, 7, 21.502904453758145, 39, 4, 48.024972206192835, 125, 3, 22.313943041211214, 106, 0, 99.12538299298002, 356, 84, 142, 1.0, 
Bailey Ober, 24, 11, -5.669491054047235, 70, 23, -62.85800722553064, 42, 20, -60.28213022292377, 120, 3, 58.783940973098794, 185, 9, 82.82009822873768, 473, 117, 178, 1.0, 
Beau Brieske, 7, 1, 4.496113157847939, 27, 2, 0.06812442441242261, 26, 2, 10.096249500220026, 53, 1, 47.013249124810955, 61, 9, 2.7043309592972093, 239, 56, 67, 1.0, 
Ben Brown, 5, 0, 0.047997294318051775, 21, 6, 3.0542278212792553, 18, 2, 0.5340024679045703, 36, 0, 0.012376775880991314, 64, 2, 0.38627727610344564, 111, 27, 55, 1.0, 
Ben Lively, 25, 10, 0.43338139463312686, 74, 1, 3.148924089038578, 46, 0, 47.2157566341225, 124, 22, -32.08286247632719, 124, 3, 10.034313801795035, 406, 95, 151, 1.0, 
Blake Snell, 8, 4, -6.1808858310851065, 34, 2, 32.47656492810563, 47, 5, 30.909361169776275, 61, 0, 30.211886332794208, 141, 4, 90.07811711321764, 561, 135, 104, 1.0, 
Bobby Miller, 12, 4, 31.53941840451442, 41, 3, 16.60325155155092, 24, 0, 10.06939764868556, 50, 15, -78.83233490640805, 52, 0, 40.9761517953132, 305, 72, 56, 1.0, 
Bowden Francis, 14, 7, -9.462086131992706, 31, 2, 68.94301308108494, 23, 10, -19.08451459633124, 56, 19, -56.39080662186976, 95, 1, 13.767070113969318, 217, 55, 103, 1.0, 
Brad Keller, 6, 0, 96.97369178782392, 24, 3, 44.03455619441053, 21, 11, 191.04328180274638, 38, 2, 9.198302146413653, 30, 1, 179.25458268679066, 408, 89, 41, 1.0, 
Bradley Blalock, 4, 3, 2.1934687800418864, 20, 1, 0.26065527964021573, 19, 7, 12.71693329665078, 29, 7, 15.319102766461128, 21, 8, 15.702771976871446, 73, 15, 30, 1.0, 
Brady Singer, 22, 2, -0.5288482108045334, 85, 4, 14.237894872880116, 55, 7, 8.852991609534666, 162, 4, 1.886737481166164, 168, 24, -60.86624618541893, 667, 154, 179, 1.0, 
Brandon Bielak, 4, 1, -3.1546075554443185, 15, 0, 6.422382526437695, 12, 2, 16.833429629623886, 30, 5, -98.260679926166, 18, 6, -86.89171523136702, 206, 46, 29, 1.0, 
Brandon Pfaadt, 29, 9, 10.478529784822925, 99, 19, -21.302377326402087, 47, 22, -30.09923772436356, 161, 0, 63.70991532381561, 182, 2, 6.322445348474335, 472, 110, 181, 1.0, 
Braxton Garrett, 4, 0, 1.2453439920685816, 18, 0, 5.953873696457003, 8, 8, -38.91585671244036, 34, 0, 48.235336486788746, 35, 2, -15.96290921765403, 338, 79, 37, 1.0, 
Brayan Bello, 18, 1, 25.23775976704754, 78, 9, 8.690111375390476, 60, 3, 33.409960959044234, 147, 23, -9.284875693130374, 146, 12, -18.052745687080396, 507, 116, 162, 1.0, 
Brennan Bernardino, 5, 1, 0.5370009467707266, 21, 2, 16.400485096612133, 19, 7, -34.45069418744521, 43, 3, -11.039577174409906, 56, 5, -13.720741844245914, 176, 40, 51, 1.0, 
Bryan Hoeing, 6, 1, -2.0420352002570272, 21, 5, -23.971628313461224, 16, 5, 17.880366380733484, 40, 3, 19.38229979086613, 43, 8, -49.35178808693587, 205, 49, 53, 1.0, 
Bryan Woo, 15, 2, -0.5994962004208562, 45, 2, 0.19245928943326485, 26, 16, 80.57312697438049, 84, 3, 41.41825804685428, 112, 9, 14.209049889117878, 337, 83, 121, 1.0, 
Bryce Elder, 6, 0, 6.978595390808449, 27, 4, 68.75178713138686, 17, 0, 34.31249688403321, 47, 3, 49.183320097805485, 42, 1, -4.562891508082689, 367, 85, 49, 1.0, 
Bryce Miller, 22, 2, -0.30959872740384875, 68, 5, -0.4658028479171792, 43, 12, -5.983834613138907, 124, 9, -5.192607864144346, 165, 17, 10.918387730134775, 496, 124, 180, 1.0, 
Bryse Wilson, 16, 6, -11.789806120460767, 45, 0, 3.115763471079343, 30, 0, 9.654001741665903, 82, 5, 6.5720480239043475, 80, 4, 44.85258236846806, 396, 92, 104, 1.0, 
Cade Povich, 12, 5, 1.1136120801651135, 47, 12, 5.425886319691031, 35, 8, 2.6777569191378596, 67, 0, 0.02699538374976479, 68, 3, 0.4954209867265451, 176, 39, 79, 1.0, 
Cal Quantrill, 20, 8, -12.58706996251794, 80, 19, -54.264733046848704, 58, 2, 7.862516518461586, 135, 1, 21.820002242812183, 104, 17, -47.648563128276066, 621, 145, 148, 1.0, 
Caleb Ferguson, 5, 3, -9.56209577958785, 23, 4, -23.23890733229007, 23, 2, 78.49477956428427, 48, 8, -46.834817586943586, 64, 2, 53.37241309323601, 204, 46, 54, 1.0, 
Carlos Carrasco, 17, 6, -10.770339418176924, 65, 11, -23.15095317572637, 35, 1, 48.803429346293775, 99, 5, 91.26991788597319, 88, 4, 58.21690207834622, 436, 99, 103, 1.0, 
Carlos Hernandez, 2, 2, -4.1489884862306425, 15, 1, 6.431032284030589, 15, 1, 41.756179684386986, 24, 1, -5.057677752793097, 28, 3, 63.85436861563741, 263, 60, 30, 1.0, 
Carlos Rodon, 29, 8, -0.12623925457553753, 88, 4, 19.3562065883121, 62, 6, 33.12322332996472, 128, 17, -22.4227818507851, 194, 25, -54.53624474386544, 566, 137, 175, 1.0, 
Carson Fulmer, 10, 0, 7.247172687095328, 42, 4, 0.4039011599751383, 40, 1, -0.014231048702643467, 70, 4, 0.3621779237529541, 80, 7, 1.8817862176368685, 141, 31, 86, 1.0, 
Carson Spiers, 18, 11, 3.3499611041140227, 54, 3, 0.37861610380946775, 28, 10, 2.960096249971926, 91, 0, 0.02174597355563415, 81, 9, 2.334640977137852, 205, 45, 90, 1.0, 
Casey Mize, 12, 4, 3.0376273166999868, 51, 15, 1.4514952803817636, 29, 6, 1.225388638841629, 105, 2, 21.28564300534244, 76, 14, 3.4964238879134086, 303, 71, 102, 1.0, 
Chad Kuhl, 7, 1, 11.346819471930221, 36, 1, 32.0794745784391, 27, 8, -14.731108126001459, 51, 5, 36.49953692737503, 48, 0, 45.86999161882789, 348, 77, 53, 1.0, 
Charlie Morton, 20, 0, 15.663263303010838, 73, 2, 137.30255756836593, 67, 12, -6.253712223694414, 129, 1, 6.212857336377656, 179, 13, -11.662018504341887, 725, 171, 165, 1.0, 
Chase Anderson, 10, 3, 6.179963224445739, 35, 8, 90.207844801204, 23, 0, 108.2845938827391, 44, 4, -7.882604902612606, 45, 6, -48.753867753514314, 236, 54, 58, 1.0, 
Chris Bassitt, 19, 2, 10.254143678431046, 73, 6, 108.62113154875324, 58, 4, 1.9631767486005067, 144, 4, 82.02591587655748, 163, 4, 2.25495123400192, 741, 177, 171, 1.0, 
Chris Flexen, 26, 6, 17.81513836215566, 93, 2, 109.69347447304202, 58, 11, -11.984908137836747, 157, 5, 23.310783011207867, 116, 14, 24.178990698020684, 626, 144, 160, 1.0, 
Chris Paddack, 13, 2, 0.21392543893224447, 49, 3, -0.15668920955725962, 23, 18, -5.751865876711179, 87, 3, 3.9128478018290025, 80, 7, -0.7681687071692131, 240, 55, 88, 1.0, 
Chris Sale, 16, 3, 20.927142552187078, 60, 4, 113.69671383835043, 46, 17, -15.060122283738025, 129, 19, -30.41427947457465, 219, 19, -17.459213405283236, 379, 93, 177, 1.0, 
Christian Scott, 7, 2, 0.7361337515287847, 23, 4, 2.2227866226307604, 12, 1, 0.18367107030214447, 37, 3, 1.4269196485351792, 38, 4, 1.6083814181240967, 98, 23, 47, 1.0, 
Clarke Schmidt, 9, 0, 1.2993016645429507, 33, 4, 3.1636772643006346, 29, 1, 38.652694694984504, 67, 0, 85.5942239812741, 88, 5, 30.981150560556053, 397, 93, 85, 1.0, 
Clayton Kershaw, 3, 1, 26.13735107674898, 12, 3, -20.548479679062453, 8, 1, 22.277865590716285, 26, 2, 14.036584369580233, 27, 4, -3.1241134038478435, 409, 102, 30, 1.0, 
Cody Bradford, 11, 4, -3.8932990668038947, 33, 11, -38.6329811461093, 15, 10, -32.4583839246237, 56, 2, 19.16014628267322, 69, 5, 39.53772752316942, 216, 52, 76, 1.0, 
Cole Irvin, 16, 2, -1.2003712201123067, 58, 0, 19.709134429066566, 29, 8, -12.200928279111636, 105, 1, 17.16737328596958, 83, 7, 26.46348785404978, 584, 136, 111, 1.0, 
Cole Ragans, 17, 5, -1.7989912318623622, 71, 7, 10.391259567570861, 69, 20, -31.36411134311038, 133, 2, 33.32400438791252, 207, 1, 1.4043027429533892, 411, 99, 186, 1.0, 
Colin Rea, 28, 11, -9.59805005517082, 80, 11, -8.03475486791541, 46, 0, 5.4541101783842825, 133, 13, 30.04942063467299, 137, 16, -5.696853936030045, 492, 116, 167, 1.0, 
Cooper Criswell, 13, 0, 12.043459239919054, 51, 4, 0.7728785608439406, 31, 1, 15.094811463945884, 95, 10, -5.971500094460936, 77, 10, -0.4168632300312254, 230, 52, 99, 1.0, 
Corbin Burnes, 20, 1, 3.487898729217119, 64, 5, 7.90355627136667, 53, 4, 31.787141076825048, 130, 8, 38.72145669938121, 198, 14, 22.291427522622605, 755, 189, 194, 1.0, 
Cristian Javier, 4, 0, -0.9735800693008958, 14, 1, 10.996520763894932, 15, 3, 2.9966010372442327, 24, 2, -15.38963292277706, 33, 4, -91.13639142067157, 461, 111, 34, 1.0, 
Cristopher Sanchez, 19, 8, 32.622018788685736, 75, 7, 41.82967293407465, 46, 17, -17.12370594383046, 152, 21, -27.951529828074754, 158, 15, -23.379170885067843, 411, 99, 181, 1.0, 
DJ Herz, 11, 1, 0.045100568593969825, 42, 13, 4.8712011819291305, 37, 13, 5.14644490326824, 66, 12, 4.368246854376338, 106, 3, 0.43952516262255603, 191, 44, 88, 1.0, 
DL Hall, 6, 0, 2.799825884720425e-05, 24, 1, 0.2887883097104913, 20, 7, 6.2555687513226275, 42, 2, 0.6683704704548648, 43, 4, 2.3005684050621618, 98, 21, 43, 1.0, 
Dakota Hudson, 10, 4, -5.248595469620252, 54, 1, 65.64097377499075, 41, 21, -162.68465736026099, 88, 8, -30.192292417647835, 51, 13, -83.92631588378646, 419, 95, 89, 1.0, 
Dane Dunning, 14, 1, 1.2349529729261142, 50, 7, 6.706512341820684, 37, 4, 25.861779210175904, 80, 0, 27.401211271925067, 84, 10, -29.269506119365104, 581, 134, 95, 1.0, 
Daniel Lynch IV, 6, 2, -8.084670311741341, 19, 3, -19.67319900409133, 14, 2, -14.17188791857729, 31, 4, -17.834174408685797, 36, 3, -8.235291488606663, 327, 73, 43, 1.0, 
David Festa, 8, 0, 0.019044376271810465, 35, 1, 0.15554925031832711, 24, 14, 11.361243821791646, 53, 0, 0.006890614877910581, 77, 2, 0.4564449951898153, 138, 32, 64, 1.0, 
David Peterson, 12, 3, 4.825164441584263, 53, 12, -4.344451800124901, 51, 12, -45.46831710606622, 103, 11, 8.672480161587245, 121, 12, -32.5453081525271, 435, 100, 121, 1.0, 
Davis Daniel, 4, 1, 0.34604257986632536, 20, 5, 6.649806669920224, 7, 7, 15.631667033645385, 33, 5, 6.735818235480764, 28, 1, 0.3143235418231125, 67, 15, 30, 1.0, 
Davis Martin, 5, 0, -0.056126769931725495, 24, 4, -1.6975215299179496, 21, 0, 0.521705682665057, 43, 7, -3.014131609611269, 44, 2, 2.93476897086914, 154, 35, 50, 1.0, 
Dean Kremer, 18, 5, 8.288423423958648, 60, 3, 30.63476782594848, 47, 5, 6.595441454163712, 101, 4, 26.210650595973934, 116, 3, 99.27102398959008, 511, 119, 129, 1.0, 
Drew Rasmussen, 1, 3, -55.44410567425983, 9, 1, 34.16120950326123, 6, 3, -34.526634103820356, 22, 4, 49.071861288320406, 31, 0, 14.695123642232732, 296, 73, 28, 1.0, 
Drew Smyly, 9, 4, -29.443510476117737, 26, 2, 33.908598433538074, 22, 1, 32.64363034044713, 47, 1, 2.3240770684688226, 55, 1, 60.3106727596529, 469, 108, 58, 1.0, 
Drew Thorpe, 8, 1, 0.15035316221599682, 27, 4, 2.648111410005548, 21, 1, 0.34699505793043084, 29, 15, 28.48375514028396, 27, 18, 37.115210928231136, 95, 22, 44, 1.0, 
Dylan Cease, 19, 3, 0.7583648067836561, 76, 3, 52.256099829185196, 73, 2, 40.009667790635504, 132, 0, 37.21485922562463, 229, 2, 7.138035472310573, 750, 178, 189, 1.0, 
Eduardo Rodriguez, 6, 0, 1.4935544710036537, 24, 0, 16.237015897874038, 17, 1, 6.448347206657591, 43, 0, 69.51982445834177, 46, 0, 14.86586607488757, 477, 112, 50, 1.0, 
Edward Cabrera, 13, 0, 10.969569881103677, 47, 6, 57.810290747547, 54, 0, 87.96341746574693, 62, 4, 52.552963702346105, 107, 8, -7.555710133251964, 315, 73, 96, 1.0, 
Eli Morgan, 5, 0, 10.248983021778056, 14, 2, 66.11279809112486, 11, 0, 32.657110654486765, 30, 0, 94.17165023694677, 40, 2, 93.16189065901958, 275, 66, 42, 1.0, 
Emerson Hancock, 11, 6, 2.299550433085198, 30, 8, 3.9297979850726463, 18, 3, 0.8650187526573827, 50, 0, 0.035926623470260544, 40, 11, 7.5938559028681, 133, 30, 60, 1.0, 
Erick Fedde, 22, 3, 0.27143619508549466, 76, 12, -4.578160459162081, 57, 7, 14.847626560494682, 142, 16, 43.081335219302765, 152, 6, 25.21111625087368, 440, 102, 177, 1.0, 
Erik Miller, 6, 0, 0.00900703823650098, 27, 10, 5.434473077155808, 36, 12, 7.249781347421845, 41, 8, 3.25589859063367, 88, 13, 8.974267001602414, 142, 33, 67, 1.0, 
Framber Valdez, 15, 8, -10.944542805477106, 60, 5, 9.569995300630428, 55, 4, 5.795439916464336, 128, 7, 65.32285639253067, 171, 2, 13.374566964920827, 727, 177, 176, 1.0, 
Frankie Montas, 21, 7, 3.726790203292367, 73, 16, 18.944765760955185, 60, 2, -0.03777052534589531, 117, 2, 1.4819001310181683, 147, 13, 23.78128590407045, 476, 112, 150, 1.0, 
Freddy Peralta, 22, 10, -5.638438965197388, 67, 22, -64.7733773277487, 61, 11, -0.6532819277076243, 111, 2, 9.545203867189304, 207, 2, 47.06805578257827, 575, 140, 173, 1.0, 
Garrett Crochet, 16, 2, 5.554951938564869, 54, 14, 3.748165913101275, 39, 11, 55.15943220189489, 103, 13, -1.0132066002009488, 198, 46, 24.729887324529045, 235, 57, 146, 1.0, 
Gavin Stone, 24, 4, 8.649907358477481, 86, 3, 74.88940344862338, 46, 8, 8.716513945116624, 136, 0, 7.0836169121988, 110, 6, 121.44216351140795, 292, 68, 140, 1.0, 
Gavin Williams, 7, 3, -1.9259626890780872, 35, 4, 53.05050464074183, 31, 8, 10.072035874150387, 60, 0, 28.687162695818472, 77, 3, 23.885525218056102, 270, 63, 76, 1.0, 
George Kirby, 22, 4, -1.7388430913808381, 75, 16, -26.69232344101431, 29, 49, -239.34331237811807, 160, 5, 17.10562504106027, 180, 6, 136.5821865592643, 643, 158, 191, 1.0, 
Gerrit Cole, 11, 0, 8.698408033125105, 34, 3, 18.628705693423043, 26, 4, 3.8096485097940302, 65, 8, 9.461024975205746, 103, 8, 23.944154980792447, 682, 171, 95, 1.0, 
Graham Ashcraft, 10, 0, 5.39108201430836, 43, 0, 37.833907779732414, 26, 3, 15.506207883860315, 74, 1, 5.218959080891995, 56, 5, 3.0888415085986267, 445, 101, 77, 1.0, 
Grant Holmes, 7, 2, 0.3158826340496903, 27, 4, 1.0675935465073092, 16, 8, 3.4483539905045504, 58, 4, 1.16846995270115, 70, 2, 0.279082491375636, 141, 34, 68, 1.0, 
Grayson Rodriguez, 15, 0, -0.006925062373751324, 52, 1, 6.265426296285734, 37, 3, 1.0090748959502598, 96, 1, 5.644428700041873, 126, 7, -0.3323106751282374, 402, 95, 116, 1.0, 
Griffin Canning, 30, 1, 9.068042471088411, 95, 13, 29.925245823843603, 63, 20, -16.872768957586587, 140, 6, -2.7655021220619362, 153, 4, 61.48601435141981, 450, 104, 171, 1.0, 
Griffin Jax, 6, 3, 4.0245019387212295, 24, 4, 19.77062720639558, 19, 7, -22.88544411113118, 49, 3, 6.712612463806913, 82, 5, 87.86428486387923, 300, 72, 71, 1.0, 
Hayden Birdsong, 10, 1, 0.07412459748418632, 37, 7, 2.239461619780016, 42, 2, 0.3370311474881884, 45, 1, 0.04368147774519099, 85, 16, 11.88201365843824, 157, 36, 72, 1.0, 
Hayden Wesneski, 11, 7, -25.501219815320354, 27, 8, -5.637661623418779, 21, 2, 36.60263953418198, 45, 2, 15.88509715753722, 64, 6, -27.8447827198977, 246, 58, 67, 1.0, 
Hogan Harris, 8, 2, -0.5232854758012611, 36, 3, 106.61566608869482, 32, 2, 6.562599729032643, 60, 3, -3.1342156763166606, 62, 0, 19.494148962788316, 235, 54, 72, 1.0, 
Hunter Brown, 21, 0, 8.721110964699392, 76, 3, 72.67112661179068, 58, 12, -11.529994300289893, 139, 1, 2.236134929835395, 183, 9, 14.103981859020294, 550, 130, 170, 1.0, 
Hunter Gaddis, 6, 3, 5.5745129730381, 23, 7, 69.80631876681161, 18, 3, 47.06279334036583, 48, 8, 2.6792850463562132, 58, 11, 14.999865637269039, 184, 46, 74, 1.0, 
Hunter Greene, 18, 2, 17.102332549785842, 60, 1, 51.386084512997506, 58, 4, 52.42199089229514, 100, 13, -6.526876459399702, 183, 5, 95.24266883473445, 508, 120, 150, 1.0, 
J.P. France, 4, 0, -0.2874294849199551, 17, 0, -2.5576777879398023, 10, 0, 26.763506883053797, 24, 3, 49.992944234720255, 20, 0, -0.6228662307218102, 280, 64, 25, 1.0, 
J.T. Ginn, 4, 0, 0.09477266751711033, 15, 1, 0.38528008647533873, 9, 0, 0.04278155707542308, 31, 5, 5.201374344505176, 28, 4, 3.329313279335132, 71, 17, 34, 1.0, 
JP Sears, 28, 8, 0.675370404691197, 85, 11, -8.061143859284748, 52, 2, 3.603979703176761, 144, 10, -8.354100163840254, 148, 13, 5.826268999706656, 552, 130, 180, 1.0, 
Jack Flaherty, 21, 5, 7.89071954222333, 68, 3, 7.215181308832942, 57, 1, 99.13991652126802, 129, 4, 20.079435652849583, 177, 5, 18.292585121392033, 447, 105, 162, 1.0, 
Jack Kochanowicz, 7, 3, 0.7322708944683107, 31, 15, 13.17962874856272, 12, 17, 16.39110759936625, 62, 10, 5.465184114223611, 28, 26, 36.722734996303586, 133, 32, 65, 1.0, 
Jack Leiter, 6, 0, 0.027395030677963284, 34, 6, 7.982540530956982, 17, 1, 0.5061547478431381, 37, 7, 9.389588263312604, 31, 0, 0.02030845278221713, 86, 17, 35, 1.0, 
Jake Irvin, 28, 10, -3.423524180377987, 91, 17, -14.703854237000677, 63, 0, 0.3667052108631311, 148, 9, 16.880044428778767, 154, 3, 40.435100267653496, 519, 123, 187, 1.0, 
Jake Woodford, 5, 0, 50.524946978848575, 24, 0, 89.05074291597658, 11, 4, 305.1196531185735, 38, 0, -2.387430003663601, 24, 6, -81.03005866609013, 217, 49, 35, 1.0, 
Jakob Junis, 8, 1, 0.5963651500550777, 25, 0, 5.45837381282702, 13, 11, -91.35543420899026, 51, 1, 58.0120997196534, 61, 4, 166.59127864789093, 316, 76, 67, 1.0, 
Jalen Beeks, 7, 4, -7.857927248132221, 37, 2, 95.51395720403352, 28, 3, 1.8076296319750327, 65, 1, 21.982658689726, 65, 2, 141.20809410906963, 233, 53, 70, 1.0, 
James Paxton, 13, 4, 1.5611846401244822, 48, 8, -15.934905555685773, 43, 6, -8.403651028547767, 80, 2, 15.028083918680794, 87, 15, 13.432404632729884, 339, 78, 100, 1.0, 
Jameson Taillon, 23, 3, 3.2480047413417727, 71, 2, 71.52350549321335, 38, 12, -11.761886655512441, 134, 6, -2.6458915547611817, 135, 9, 52.08645352230471, 665, 160, 165, 1.0, 
Jared Jones, 17, 3, 0.21077185797742137, 55, 3, 0.18583319401345388, 38, 3, 0.1682118616903734, 90, 16, 4.211727282675795, 131, 6, 0.7033169436036673, 252, 60, 121, 1.0, 
Jared Koenig, 5, 5, -3.7750426778968063, 23, 11, 30.817820441233636, 22, 5, -4.474952835646501, 51, 3, 13.72979672592931, 57, 4, 1.4367426563691232, 139, 31, 62, 1.0, 
Jared Shuster, 9, 0, 1.4396712961683003, 39, 5, -10.06451179846491, 33, 6, 48.04822423900109, 64, 0, 164.32793608620227, 52, 11, -49.024211458252324, 220, 50, 73, 1.0, 
Javier Assad, 18, 3, -1.1539223070096867, 57, 10, -3.7569718017752933, 63, 6, 22.631356968828328, 117, 4, 22.774366563316676, 125, 10, -13.451407576831969, 388, 90, 147, 1.0, 
Jeff Hoffman, 6, 1, 2.363206896966844, 20, 5, -12.673710314961873, 23, 4, 11.505035863525286, 41, 1, 33.93117751347387, 83, 6, 125.95035272340819, 251, 58, 66, 1.0, 
Jeffrey Springs, 4, 1, 4.11437667506809, 11, 2, 5.4922097743740395, 10, 0, 30.1024330284283, 26, 3, -7.649054467450512, 37, 1, 46.395128153702174, 203, 49, 33, 1.0, 
Jesus Luzardo, 8, 0, 0.25433066583439, 32, 5, 28.570480386212438, 22, 3, -5.598902241200356, 51, 4, -7.782122237204074, 65, 10, -84.97511897804597, 463, 109, 66, 1.0, 
Jhony Brito, 5, 1, 10.96955108491129, 20, 5, 46.19078770865936, 11, 3, 33.2550382275534, 40, 2, 11.709968263626688, 30, 1, -1.5870763834275188, 222, 53, 43, 1.0, 
Joe Boyle, 4, 3, 1.221029703240669, 32, 11, 12.23934152686229, 36, 23, 56.87881182461342, 38, 1, 0.3234155555742788, 56, 3, 1.0126143204549987, 113, 23, 47, 1.0, 
Joe Musgrove, 12, 0, 3.966851477556714, 38, 4, 17.458423933439576, 24, 10, -44.69988046223703, 78, 1, 10.731568182585024, 101, 3, 18.693899855225446, 574, 139, 99, 1.0, 
Joe Ross, 7, 1, 1.423964774584319, 31, 0, 0.705455893173186, 29, 6, 3.2307636911784847, 62, 8, 18.403532071997553, 67, 0, 1.4745110998016187, 222, 51, 74, 1.0, 
Joe Ryan, 20, 9, -16.29750236367709, 56, 14, -41.71460910318607, 30, 20, -40.2118253294847, 94, 1, 10.923281551779702, 151, 3, 180.09263305489668, 562, 137, 135, 1.0, 
Joey Cantillo, 5, 1, 0.2602116089390685, 21, 0, 0.0969716034685566, 15, 6, 6.835986468844922, 29, 4, 2.5416096196690035, 44, 4, 3.165420460924061, 81, 19, 38, 1.0, 
Joey Estes, 21, 9, 1.2163481040256467, 68, 22, 6.639555926692893, 28, 11, 1.8988095253194075, 106, 0, 0.0022897701747647582, 93, 9, 1.1474353709743692, 271, 63, 127, 1.0, 
Joey Wentz, 10, 0, 9.93212453995209, 38, 0, 36.97516314876863, 31, 1, 35.246013368697035, 58, 6, 3.124303811864408, 68, 6, 99.78923264937058, 288, 63, 67, 1.0, 
John Brebbia, 8, 3, 3.2705060791469265, 29, 6, 7.174402775135164, 19, 5, 76.76698949987613, 43, 0, 26.699861101916667, 63, 0, 7.8831605388200305, 214, 49, 55, 1.0, 
Jon Gray, 12, 0, 7.1699194430417075, 48, 6, -11.812263156744336, 31, 4, 35.59906636952013, 86, 6, 52.88747707856851, 91, 6, -4.75077519192714, 565, 133, 102, 1.0, 
Jonathan Cannon, 17, 2, 0.09240851029382702, 60, 10, 1.6091918832988625, 38, 9, 1.1660224454081884, 106, 4, 0.2674080714335183, 91, 7, 0.7185238689818529, 261, 62, 124, 1.0, 
Jordan Hicks, 10, 5, 5.971901060397304, 48, 6, 129.03475974797487, 51, 3, -2.097973316856045, 91, 11, 12.525803009462123, 111, 1, 2.218931811460668, 318, 73, 109, 1.0, 
Jordan Montgomery, 13, 4, -6.063746878922878, 62, 1, 74.92137482869829, 36, 1, 19.175861410532985, 114, 8, 26.36419770957444, 92, 12, -38.13211421341934, 673, 160, 117, 1.0, 
Jordan Wicks, 7, 2, -3.6529152395551847, 25, 2, -4.497411645828304, 17, 3, -13.344500272887593, 43, 1, -1.061957965747904, 38, 3, -10.981823341675707, 143, 32, 46, 1.0, 
Jorge Lopez, 7, 0, 5.2595542576809855, 23, 0, 11.607776618550947, 19, 2, 128.1219365860742, 42, 6, -56.02653008779626, 48, 1, 10.039572098205015, 334, 76, 53, 1.0, 
Jose Berrios, 28, 5, -1.1226415998598869, 83, 10, -10.48538052292177, 53, 7, 14.574867504754641, 151, 24, -47.5096024754186, 169, 6, 28.778345316446913, 775, 186, 192, 1.0, 
Jose Butto, 6, 5, -11.016783033624922, 26, 13, -13.110946689404187, 38, 0, 51.76455228872839, 43, 13, -51.762927565681196, 74, 0, 0.3970738121927805, 189, 46, 74, 1.0, 
Jose Quintana, 18, 4, 25.785908012393584, 72, 6, 36.06334504557168, 61, 6, 40.264252877482676, 141, 7, 40.30040598414287, 143, 6, 63.21415808727294, 503, 118, 170, 1.0, 
Jose Soriano, 9, 4, -0.47975865832825804, 44, 0, 36.49813406807794, 51, 0, 57.89109182339516, 80, 3, 70.98668307729848, 118, 9, -4.5360789662144825, 261, 62, 113, 1.0, 
Jose Suarez, 9, 2, 23.522227096156403, 35, 4, -25.31458403939365, 25, 7, -28.010357811111163, 50, 4, -23.387484643511577, 50, 2, 91.20908635007947, 320, 73, 52, 1.0, 
Jose Urena, 18, 2, 28.828969387019114, 59, 0, 13.660632989675959, 43, 9, -14.32076930739457, 95, 0, 1.8330607807700554, 73, 19, -94.92500517910986, 388, 87, 109, 1.0, 
Josh Fleming, 4, 1, 9.486725873082277, 16, 5, -141.6129989035836, 12, 2, 91.77823609907153, 32, 1, 113.78297086178469, 18, 5, -112.55515557792461, 244, 55, 31, 1.0, 
Josh Winckowski, 9, 0, 0.6404391029287695, 34, 2, 49.75124084158627, 26, 7, -33.365636279671264, 71, 11, -65.27642900079411, 63, 2, 17.931909469062106, 315, 71, 76, 1.0, 
Julian Aguiar, 7, 2, 1.657022051074609, 21, 0, 0.19979191544405772, 12, 5, 6.938642878046579, 22, 6, 10.645437519433784, 20, 10, 26.547928884538692, 70, 15, 31, 1.0, 
Justin Steele, 13, 5, 5.393950466557069, 48, 5, 37.66089835345185, 39, 4, 51.66750295982409, 104, 14, -52.03665084615025, 135, 5, 26.135318680576145, 507, 120, 134, 1.0, 
Justin Verlander, 11, 1, 4.417652770974018, 42, 1, 32.332608730188376, 25, 7, -9.256788560567173, 74, 3, 81.23634606856442, 80, 9, 55.864432770585765, 536, 132, 90, 1.0, 
Justin Wrobleski, 8, 2, 1.2738135551477576, 23, 2, 1.1487712779800585, 16, 3, 1.7569867583116512, 26, 8, 12.561959817040645, 26, 6, 7.118647799671919, 77, 18, 36, 1.0, 
Keaton Winn, 8, 1, 3.479820821905702, 37, 8, -44.167741681109845, 17, 9, -57.756050436795874, 44, 3, 27.885099766983497, 46, 3, -6.30805544436171, 164, 38, 55, 1.0, 
Keegan Akin, 9, 2, 30.426546110275325, 40, 0, 50.33107590665924, 23, 12, -62.19815350623577, 68, 6, 188.71437141700773, 88, 13, 11.885688504340067, 295, 69, 78, 1.0, 
Keegan Thompson, 3, 1, 1.9995016205206113, 12, 3, 84.07868136746066, 17, 1, 26.942226232047616, 18, 1, 29.23361820904733, 32, 1, 170.03182448648295, 245, 56, 30, 1.0, 
Keider Montero, 17, 9, 1.9324463039860262, 50, 12, 3.798969585907713, 30, 6, 0.8812727916415692, 81, 1, 0.08907274208218152, 76, 2, 0.09328987358733576, 206, 49, 98, 1.0, 
Kenta Maeda, 19, 7, -12.229963756034795, 64, 11, -21.34197758710168, 32, 11, -16.626543838825313, 96, 14, -31.364714301008732, 108, 5, 63.17172086637085, 396, 93, 112, 1.0, 
Kevin Gausman, 19, 4, 0.4308724611575121, 70, 2, 11.088382087436187, 51, 2, 41.41346492089707, 145, 11, 72.86047389847622, 189, 28, -99.2406788438588, 754, 183, 181, 1.0, 
Kolby Allard, 4, 2, 1.5104604531369539, 15, 0, 26.496169101343426, 8, 2, 0.5681724684893155, 27, 1, 7.165640971901208, 23, 3, 19.384631617246313, 185, 43, 27, 1.0, 
Kris Bubic, 2, 0, 6.498144741697338, 11, 0, 8.560557613476012, 8, 3, 73.41229762004446, 24, 4, -4.181865360095614, 34, 2, 52.064978440940465, 294, 67, 30, 1.0, 
Kutter Crawford, 28, 12, -2.3108542022665475, 86, 26, -6.04785757406799, 53, 2, 0.5509045132167292, 130, 13, 32.25920443924885, 180, 5, 0.7561348418260305, 502, 120, 183, 1.0, 
Kyle Bradish, 3, 1, -4.447633960873635, 13, 0, -0.650141388855201, 13, 2, -1.8033417210906002, 26, 2, 50.476009110311, 46, 1, 46.54350498785507, 416, 100, 39, 1.0, 
Kyle Freeland, 19, 5, -2.5921847989596642, 64, 6, -0.7700249426600259, 30, 12, -33.59064314505396, 113, 5, 7.874154698658284, 79, 8, 26.601430576050944, 612, 140, 113, 1.0, 
Kyle Gibson, 21, 2, 2.9191122349115064, 81, 15, -23.451422527663368, 59, 7, 9.227671217487405, 142, 11, -15.930371876471241, 145, 6, 8.883479467029227, 750, 177, 169, 1.0, 
Kyle Harrison, 20, 10, 12.405027764356163, 58, 18, -26.423121216620686, 40, 6, -6.269786867367033, 95, 2, 12.424373608775685, 122, 5, 85.18461795995208, 271, 63, 124, 1.0, 
Kyle Hendricks, 18, 1, 10.515781402668738, 72, 7, 9.901072424167975, 36, 5, 7.592209165848152, 121, 1, 59.10839497605951, 90, 4, 22.833583997880233, 571, 133, 130, 1.0, 
Kyle Muller, 7, 0, 7.018554085194327, 28, 0, 1.9602715096722978, 16, 3, -3.328412122639641, 47, 2, -2.5562273669364473, 37, 5, -6.285175613127592, 211, 47, 49, 1.0, 
Kyle Tyler, 4, 3, 2.4832743583347217, 19, 3, 2.891156136385, 17, 3, 2.75729813370031, 31, 9, 21.25924869334736, 25, 1, 0.735866203470378, 71, 15, 31, 1.0, 
Lance Lynn, 18, 9, -8.846533072195747, 55, 9, 70.20828858413759, 40, 7, 48.247683735632094, 93, 2, 9.494019811169213, 115, 1, 13.92002746074566, 618, 144, 117, 1.0, 
Landon Knack, 12, 10, 4.69114802159568, 26, 9, 3.995254560448231, 18, 2, 0.20231152137532638, 44, 0, 0.03912854904634039, 68, 7, 2.6050925894185397, 143, 34, 69, 1.0, 
Logan Allen, 3, 0, 16.848969757821635, 15, 0, 6.7932838586949424, 10, 0, 19.566423729341803, 27, 0, 45.09077736340291, 22, 3, -40.57702590445335, 257, 58, 28, 1.0, 
Logan Gilbert, 26, 4, 0.8430416366624014, 80, 2, 30.219323620786493, 44, 29, -86.54831256703437, 143, 17, -24.65115997078057, 211, 10, 108.2961508279143, 710, 175, 208, 1.0, 
Logan Webb, 16, 19, -39.40430673173891, 78, 23, -51.93173274632369, 46, 18, -10.597104518102839, 178, 14, 5.186577344393676, 175, 25, -61.69935280846536, 768, 190, 204, 1.0, 
Louie Varland, 10, 4, -24.680410724563565, 33, 0, 17.657140255235788, 15, 9, -71.47661295244967, 48, 3, -13.319996632277807, 47, 4, 1.946100647716122, 194, 44, 49, 1.0, 
Luis Castillo, 22, 4, 2.6887337314004194, 68, 0, 17.64848359840307, 50, 5, 9.10342047227216, 128, 4, 19.507905154777905, 185, 16, -35.39598643887508, 734, 177, 175, 1.0, 
Luis Garcia, 6, 1, 6.752907416592925, 27, 3, 23.881859461612294, 17, 0, 20.746499110974693, 50, 3, -6.725719694505425, 58, 9, -112.9389052492719, 190, 45, 59, 1.0, 
Luis Gil, 18, 3, 2.543728158112613, 59, 13, 4.430295301414944, 80, 6, 54.198356292064524, 87, 12, 0.9416115133889953, 173, 9, 26.04100333584151, 218, 51, 151, 1.0, 
Luis L. Ortiz, 17, 1, -0.29901056179418517, 58, 1, 37.43367194343519, 51, 20, 37.27352160983992, 108, 1, 16.32959669802011, 103, 15, 37.411629212130165, 382, 88, 135, 1.0, 
Luis Medina, 5, 5, -33.96705447918821, 24, 5, -43.20206713730073, 20, 0, 0.9610811709637304, 36, 5, -7.433068083740537, 34, 1, 64.18916657509078, 270, 59, 40, 1.0, 
Luis Severino, 29, 14, 1.5827963394460411, 92, 15, 28.69957098367216, 64, 18, 6.274820300837163, 151, 3, 10.325427897243458, 167, 10, 3.066486192453837, 490, 115, 182, 1.0, 
Luke Weaver, 11, 2, 70.80151519975428, 41, 3, 77.14804291050655, 27, 4, 15.248252538845062, 67, 6, 215.33572993893347, 90, 1, 89.08286582234204, 335, 76, 84, 1.0, 
MacKenzie Gore, 20, 0, 27.00693021669849, 76, 5, 8.976860874028912, 66, 23, -69.8686386195698, 143, 15, 21.30398775613496, 178, 14, -14.915853992976352, 502, 115, 166, 1.0, 
Marco Gonzales, 4, 0, 13.786584742492265, 17, 2, -7.029023741327791, 10, 0, 1.6143356866826166, 34, 1, 73.74319418790193, 22, 0, 80.06301931848098, 433, 102, 33, 1.0, 
Marcus Stroman, 16, 4, -1.756449192827274, 68, 1, 21.834187766392127, 54, 7, 79.14279580482864, 134, 13, 21.542268136957688, 123, 1, 33.02355634126565, 637, 151, 154, 1.0, 
Martin Perez, 19, 3, 6.552416446879305, 63, 5, 36.34409052216948, 46, 9, 34.79865058484013, 123, 18, -73.18202209250327, 104, 6, 33.881567028408824, 632, 146, 135, 1.0, 
Mason Black, 6, 2, 1.4615064585312325, 25, 7, 9.500257700143905, 14, 2, 0.7638800082797648, 38, 3, 2.2374390691157586, 31, 5, 4.655001473639729, 84, 18, 36, 1.0, 
Mason Miller, 5, 3, 6.426960367393843, 22, 4, -9.335973898644077, 26, 10, -52.506748411548074, 35, 4, 30.22433798879726, 91, 13, -66.71304279889435, 155, 39, 65, 1.0, 
Matt Manning, 3, 0, 0.6914496228413416, 13, 1, -5.836611325170093, 9, 1, -3.547064111636846, 24, 2, 75.58670031186827, 21, 3, -63.03635347297228, 271, 63, 27, 1.0, 
Matt Moore, 7, 3, 8.196145223452277, 21, 1, 66.7138878586541, 22, 0, 72.38899053073519, 31, 0, 44.971051601545405, 48, 9, -64.32096919825887, 266, 61, 48, 1.0, 
Matt Strahm, 5, 0, 8.956175611081106, 18, 2, 85.72940692895985, 15, 7, -3.4445199532554227, 37, 6, 53.13419227115752, 76, 5, -15.206016977504923, 242, 60, 62, 1.0, 
Matt Waldron, 23, 8, 5.501180428235994, 74, 17, -22.28004121003876, 40, 1, 0.5795560028374139, 118, 7, 26.384648869301426, 122, 17, 25.908918808824865, 319, 74, 146, 1.0, 
Matthew Boyd, 4, 0, 1.5846571930929512, 16, 2, 61.3410624335251, 12, 1, -3.5611917975540983, 29, 2, 0.0038407660039396774, 43, 0, 8.017420747072189, 233, 54, 39, 1.0, 
Matthew Liberatore, 10, 2, 6.105762755966827, 46, 3, 8.754886894181709, 31, 9, -30.13563984346817, 78, 2, 12.158442334914627, 70, 9, 39.15991531192191, 246, 56, 86, 1.0, 
Max Fried, 14, 8, -10.840155458990445, 57, 7, 89.29152386086889, 48, 3, 46.2916026758468, 133, 21, -31.927181718680686, 169, 2, 3.904089416135176, 606, 150, 174, 1.0, 
Max Meyer, 13, 4, 1.0944318908637953, 36, 4, 1.4292949319391646, 20, 14, 14.28362395004379, 48, 0, 0.0415116991335171, 46, 2, 0.5325213922471956, 124, 28, 57, 1.0, 
Max Scherzer, 6, 2, -7.481624935358909, 17, 1, 38.75975915834233, 10, 4, -25.396595028671385, 30, 2, -4.772958613259874, 46, 4, 16.681111793719808, 514, 129, 43, 1.0, 
Merrill Kelly, 9, 1, -1.1225336180994208, 30, 3, -3.047392042844251, 22, 1, 16.955337231636566, 54, 1, 49.44033099075692, 67, 0, 120.09355316122334, 623, 152, 73, 1.0, 
Michael Grove, 7, 1, 8.898918510531066, 29, 8, -93.01056734174549, 15, 1, 40.04458636197719, 44, 0, 11.972435889020309, 51, 3, 5.058505881947234, 201, 46, 51, 1.0, 
Michael King, 16, 2, 1.4234298022834069, 55, 3, 6.69567008066614, 58, 7, 1.365454626944267, 124, 15, -14.659717989883731, 204, 0, 29.60748460293592, 407, 97, 173, 1.0, 
Michael Kopech, 10, 4, -14.334204689974463, 29, 7, -15.709074381034355, 36, 6, -2.046553629973019, 39, 2, 64.54874047037111, 80, 6, -2.9389437689751503, 412, 96, 67, 1.0, 
Michael Lorenzen, 16, 0, 17.237116143125824, 56, 4, 19.09741764545287, 53, 2, 1.7715896008445746, 94, 19, -79.70059863269256, 100, 18, -60.15337051132627, 424, 102, 130, 1.0, 
Michael Wacha, 19, 1, 7.052983625096033, 64, 5, 44.84400935296601, 46, 0, 9.607006386198407, 130, 2, 47.32772970898535, 145, 12, 14.271856648391726, 570, 137, 166, 1.0, 
Mike Soroka, 15, 5, -1.7152960114760525, 46, 6, -10.69976139161686, 39, 6, 13.83778724138972, 57, 2, 3.6588500209465247, 79, 2, 9.849858245377122, 196, 44, 79, 1.0, 
Miles Mikolas, 24, 0, 1.181535740191978, 93, 9, 2.2120776059215537, 34, 38, -197.15648796278583, 163, 15, -27.73541788732507, 120, 7, 7.254682145870131, 642, 154, 171, 1.0, 
Mitch Keller, 21, 2, 6.379490149690492, 85, 2, 32.81905628243876, 56, 7, -4.386357571537493, 158, 16, -18.938586218933423, 174, 13, 33.018459125905025, 688, 157, 178, 1.0, 
Mitch Spence, 19, 0, 0.0004317849341406131, 74, 15, 2.2255945259147225, 43, 3, 0.14806022576338873, 141, 27, 7.2508766198104695, 124, 14, 1.957402366761407, 325, 75, 151, 1.0, 
Mitchell Parker, 18, 2, 0.07455787840403105, 70, 7, 0.5774549822294439, 42, 2, 0.05817631528287359, 134, 13, 1.8930542358875648, 129, 24, 5.986190886490121, 323, 75, 151, 1.0, 
Nathan Eovaldi, 21, 2, 7.201372528684808, 70, 3, 26.97769711086976, 45, 9, 28.110316300069066, 128, 3, 70.30357947535109, 165, 13, -10.999698034574394, 624, 151, 170, 1.0, 
Nestor Cortes, 24, 5, 0.03815884488085963, 74, 4, 46.618416167973535, 46, 11, 0.050156471009799475, 131, 10, -10.567951105789263, 175, 12, 57.14364483517936, 491, 122, 174, 1.0, 
Nick Lodolo, 18, 8, 52.72068554635, 63, 17, -80.56272636793088, 38, 8, 130.78001767155504, 100, 16, 288.46326999622676, 135, 10, 12.333270349472542, 341, 78, 115, 1.0, 
Nick Martinez, 15, 3, 5.8183672085893265, 53, 15, -37.03701345647748, 37, 25, -101.58251278005758, 113, 3, 1.2692898671993653, 122, 10, -13.809552338917193, 458, 111, 142, 1.0, 
Nick Nastrini, 7, 0, 4.47180732134145e-06, 27, 5, 6.072090047402739, 32, 27, 134.937773379821, 25, 7, 9.915329319769072, 26, 5, 5.093320195193307, 87, 17, 35, 1.0, 
Nick Pivetta, 23, 15, -46.67170766961701, 64, 26, -147.36302747448343, 45, 3, 38.555704097121826, 99, 0, 23.43869419068422, 170, 9, 9.510882941134028, 654, 155, 145, 1.0, 
Osvaldo Bido, 4, 5, -16.020788904555893, 29, 6, -21.13573826661365, 24, 9, -25.639077060418373, 49, 0, 0.3106777140246262, 61, 4, 2.093470663514008, 198, 45, 63, 1.0, 
Pablo Lopez, 23, 3, -0.1904081405923832, 77, 8, 9.941375264060312, 47, 18, -37.285132805936655, 146, 12, 31.26324521764606, 203, 0, 18.007696479591083, 681, 165, 185, 1.0, 
Patrick Corbin, 28, 2, 3.752531645728641, 109, 6, 36.461956352595166, 56, 14, 19.329466205653986, 181, 1, 14.557204665649197, 132, 19, 5.292700176351715, 754, 169, 174, 1.0, 
Patrick Sandoval, 7, 4, -6.527305525210718, 39, 0, 30.672583434372573, 35, 8, -47.83998700695506, 72, 3, 68.51343006744239, 77, 2, 29.611352116152275, 501, 114, 79, 1.0, 
Paul Blackburn, 10, 1, 10.62027559892769, 38, 2, 59.4601368882049, 23, 1, 8.722904188604106, 69, 2, 3.490385031776558, 63, 3, -5.111743859060004, 355, 81, 75, 1.0, 
Paul Skenes, 10, 5, 0.32090470850056585, 31, 20, 5.288134983959026, 33, 14, 2.549886679773355, 84, 5, 0.3571416517143762, 167, 17, 3.9362577135002255, 257, 66, 133, 1.0, 
Pedro Avila, 7, 3, 0.15887106351345182, 33, 3, 6.335696135054093, 37, 0, 8.409856190300598, 65, 1, -0.4884638271392918, 82, 16, -72.6129841024802, 229, 52, 82, 1.0, 
Peter Lambert, 8, 1, 22.448880675538796, 36, 8, -17.599316098922557, 24, 7, -22.968327988376103, 60, 4, -6.909956544136275, 50, 6, 53.15827027474731, 262, 59, 61, 1.0, 
Quinn Priester, 8, 0, 3.803254602058831, 31, 1, 147.53917093379852, 18, 1, 16.29605671985815, 47, 0, 30.090063681230763, 34, 2, 36.149508030498154, 182, 39, 49, 1.0, 
Randy Vasquez, 13, 0, 3.401757813456058, 46, 12, -27.41975728719838, 36, 2, 9.664775778006259, 91, 2, 50.365457838470164, 71, 2, -0.1524894972868922, 238, 54, 98, 1.0, 
Ranger Suarez, 15, 8, -13.458103954549529, 61, 18, -47.801653870753896, 48, 0, 22.487725269625674, 128, 2, 27.41984318334003, 143, 6, 36.12642687236505, 561, 134, 150, 1.0, 
Reese Olson, 10, 5, 17.684896335374575, 45, 2, 72.83294390327542, 33, 4, -2.654927971542472, 86, 0, 2.2528387332271995, 102, 18, -45.044201799453035, 354, 86, 112, 1.0, 
Reid Detmers, 14, 5, 0.46947003746291927, 53, 13, -31.335465693948123, 37, 2, 80.56572997898164, 75, 4, 45.92634310552637, 99, 5, -12.175697694674042, 418, 96, 87, 1.0, 
Reynaldo Lopez, 12, 2, 18.75039308200191, 39, 7, 41.12704657789827, 46, 0, 40.10158219953378, 91, 13, -19.06894907669127, 153, 18, -20.685548629780158, 324, 80, 135, 1.0, 
Rhett Lowder, 0, 4, 5.933102064943455, 5, 13, 44.056970846287754, 13, 0, 0.03515840457830105, 24, 2, 1.047301119958517, 22, 7, 12.987679792725373, 64, 15, 30, 1.0, 
Roansy Contreras, 10, 2, 15.334923700255834, 37, 4, -10.503055900722913, 31, 1, 1.6281255887055233, 55, 1, 33.5215277812733, 57, 4, -6.444802466925907, 312, 71, 68, 1.0, 
Robbie Ray, 5, 4, -18.460518819068994, 13, 7, -21.79255323829119, 13, 1, 4.31115371467425, 16, 3, 10.754965289310881, 40, 0, 14.606114356718974, 391, 96, 30, 1.0, 
Roddery Munoz, 24, 14, 6.88935297498918, 59, 5, 1.0015829151642723, 41, 1, 0.035031539508022846, 64, 10, 3.5867924609732, 69, 1, 0.07047322948223844, 189, 41, 82, 1.0, 
Ronel Blanco, 26, 12, -1.9282894028419548, 63, 2, 3.9026584991817215, 74, 16, 37.53092874657337, 103, 7, 68.81003410112237, 165, 3, 39.843157003727406, 360, 87, 167, 1.0, 
Ross Stripling, 11, 0, 67.91414141061303, 49, 8, 26.90854110547575, 20, 10, -62.366095755751815, 86, 12, -16.050012861204635, 59, 4, 27.651289992873156, 432, 102, 85, 1.0, 
Ryan Feltner, 18, 14, 21.549445142684775, 91, 3, 22.686218376016015, 68, 12, 70.91108846699709, 147, 19, -30.92195716372342, 137, 14, -23.625599993917632, 409, 93, 162, 1.0, 
Ryan Pepiot, 18, 7, -10.048389957032764, 44, 1, 68.17866044052639, 44, 0, 165.88085815267965, 77, 13, 26.044823859480218, 136, 9, 32.57086893010308, 265, 64, 130, 1.0, 
Ryan Walker, 7, 3, -0.10581456162337766, 23, 17, -74.89802985782927, 24, 11, -42.42068579874251, 54, 5, 30.6824879822225, 99, 5, -10.14511674571143, 228, 56, 80, 1.0, 
Ryan Weathers, 13, 1, 4.315256196516928, 45, 1, 35.75016691776656, 31, 1, 4.135923939574416, 73, 2, 62.01813864327744, 75, 13, -54.823886867831376, 297, 68, 86, 1.0, 
Ryan Yarbrough, 12, 1, -0.864957698662066, 41, 8, -25.012728454858767, 25, 2, 62.588446618406074, 74, 3, 53.90284820932685, 72, 20, -14.229504421141144, 445, 105, 98, 1.0, 
Ryne Nelson, 20, 0, 3.4460282549289114, 77, 2, 4.550190073433609, 40, 8, -3.4420407363895933, 138, 2, 77.1512760472672, 114, 10, -2.661691104761651, 499, 117, 150, 1.0, 
Sam Long, 5, 0, 15.543817977798094, 19, 0, 11.349417418133996, 16, 6, -46.01079292385529, 33, 1, 38.745517967642066, 37, 5, -53.694352149058176, 183, 42, 42, 1.0, 
Scott Alexander, 2, 3, -3.0975805908241156, 15, 6, -61.57650357822831, 13, 4, -24.261273693398834, 33, 0, 27.07138563461842, 29, 3, -2.5015605948770983, 147, 34, 38, 1.0, 
Sean Manaea, 22, 2, 3.4401321082760723, 78, 17, -34.06329135758707, 59, 12, -4.891191475548716, 128, 7, -0.8598246813165265, 186, 13, 4.561932847964073, 665, 158, 181, 1.0, 
Seth Lugo, 22, 3, 3.560780963770739, 75, 1, 16.171224983215225, 54, 11, 3.9752309087514064, 160, 21, 19.151341624447966, 197, 15, -12.022973856006104, 476, 115, 206, 1.0, 
Shane Baz, 9, 2, 2.68300783387166, 29, 5, 7.47169365069464, 26, 6, -2.3793311394339156, 51, 3, 0.4321520276878914, 73, 3, 15.482654548217102, 137, 33, 79, 1.0, 
Shawn Armstrong, 6, 3, 19.45315506156581, 29, 4, 85.92472805814523, 21, 2, 5.891050784614418, 59, 4, 2.09131365183336, 67, 5, -15.91240411758021, 234, 53, 66, 1.0, 
Shota Imanaga, 25, 13, 1.250139781138941, 55, 1, 0.025992048271940293, 32, 30, 7.092653321729472, 119, 15, 1.692560037485972, 171, 20, 2.9933897988525118, 347, 86, 173, 1.0, 
Simeon Woods Richardson, 15, 2, 0.06088212520012115, 61, 7, 0.6390358460475145, 50, 18, 4.483906371405226, 108, 7, 0.6582169785950578, 117, 2, 0.06564879429295889, 284, 66, 133, 1.0, 
Sixto Sanchez, 3, 3, 1.8325746601426651, 23, 3, 2.715302460563457, 13, 3, 1.968608068194424, 39, 5, 4.468982562718438, 18, 9, 14.827205092997673, 81, 17, 35, 1.0, 
Slade Cecconi, 13, 5, -4.614993684011974, 48, 11, -23.342032363897815, 16, 13, -64.31714406836377, 72, 3, 6.486806358734935, 59, 11, 53.130979700800026, 179, 41, 77, 1.0, 
Sonny Gray, 16, 3, 26.78134167922065, 63, 4, 128.25835057038594, 46, 8, 17.264370356676565, 123, 8, 25.90746005690189, 185, 3, 27.188915683248137, 622, 151, 166, 1.0, 
Spencer Arrighetti, 20, 2, 0.05605217436883736, 74, 13, 1.8094447320756117, 66, 13, 1.8845186358043264, 118, 3, 0.14004070225874665, 172, 11, 1.358443801284647, 316, 72, 145, 1.0, 
Spencer Howard, 5, 0, 32.04523771795453, 21, 5, 59.39904527770557, 13, 1, 11.180804648543635, 35, 3, 112.63415887071797, 26, 2, 27.884798186129892, 128, 26, 29, 1.0, 
Spencer Schwellenbach, 14, 2, 0.10227985397548234, 47, 12, 2.3997031270471396, 25, 21, 6.795397811937079, 93, 13, 2.5293926503535182, 127, 3, 0.21394008173297818, 250, 61, 123, 1.0, 
Spencer Turnbull, 6, 0, 6.102801812267576, 26, 2, -3.56554198184946, 21, 1, 19.034728895895306, 41, 8, -28.88168342384745, 52, 8, -73.67652054323793, 164, 39, 54, 1.0, 
Steven Matz, 6, 0, 5.085016762862486, 22, 0, 41.471972540127865, 13, 0, 12.321937782159079, 41, 0, 106.21997972075741, 38, 0, 115.7661911633125, 373, 86, 44, 1.0, 
Taijuan Walker, 16, 5, 6.217907820203926, 51, 8, -14.893030622740056, 34, 5, -13.708869188093601, 72, 7, 53.064619776674434, 64, 10, -8.289074366666142, 604, 142, 83, 1.0, 
Taj Bradley, 23, 10, -5.536654823746176, 70, 6, 0.46390905745970024, 49, 5, 64.93587417220215, 105, 14, -15.171405846165761, 159, 8, -0.6890439666745714, 415, 96, 138, 1.0, 
Tanner Bibee, 20, 3, 1.956444910308131, 66, 19, -20.01677644065846, 48, 6, 6.009904164230454, 132, 17, -19.544737795290274, 181, 1, 17.18025253626173, 518, 126, 173, 1.0, 
Tanner Gordon, 9, 5, 5.1687035052370405, 32, 5, 4.981085812496438, 8, 17, 57.266215263137724, 42, 3, 2.6321640700968167, 26, 6, 7.742745596835135, 80, 17, 34, 1.0, 
Tanner Houck, 15, 10, 5.264781527438714, 74, 3, 123.7341852328936, 58, 9, 2.4817078771071124, 144, 3, 27.289869737659032, 161, 18, -43.9623908545815, 434, 103, 178, 1.0, 
Tarik Skubal, 16, 7, 11.720168926345208, 61, 9, -1.6645208620840286, 42, 31, -94.36450397211547, 132, 0, 10.784288174920018, 226, 5, 22.814170775119862, 543, 134, 192, 1.0, 
Tobias Myers, 17, 5, 0.2999040936014685, 45, 3, 0.14481257015878524, 36, 4, 0.20231152137532638, 104, 28, 9.233893772335065, 127, 1, 0.02757857386506546, 284, 69, 138, 1.0, 
Tommy Henry, 7, 1, -1.6875466713797902, 25, 2, 4.9215121093253344, 16, 0, 67.01304792747318, 36, 4, -19.247891919333682, 29, 4, -47.2883422755836, 238, 53, 38, 1.0, 
Trevor Rogers, 14, 5, 0.005809321771895526, 67, 7, 5.251437973619339, 51, 17, -11.865483575186474, 121, 4, 15.533207357505542, 104, 17, -1.6226296040008634, 370, 84, 124, 1.0, 
Trevor Williams, 7, 0, 52.374778319758676, 25, 5, -11.266964356700441, 20, 0, 8.667616284954446, 55, 3, 24.0642004075307, 57, 0, 76.44406006879457, 424, 97, 66, 1.0, 
Triston McKenzie, 15, 9, -6.690206744233194, 38, 10, -8.12476484618334, 41, 4, 33.348098118593, 47, 0, 21.653306397228167, 75, 4, 35.237919494570065, 367, 90, 75, 1.0, 
Ty Blach, 13, 6, 1.8732421585552856, 48, 10, -16.122075766466764, 20, 6, -26.119553750295793, 81, 13, -97.52196256816379, 41, 9, -1.9931005081602962, 271, 59, 71, 1.0, 
Tyler Alexander, 19, 10, -35.14786099148266, 55, 11, 9.979270743167731, 23, 15, -39.045402839477475, 89, 5, 16.88307659841379, 91, 2, 39.24324143562967, 378, 89, 107, 1.0, 
Tyler Anderson, 23, 1, 16.864347338833163, 84, 7, 13.13873832874037, 70, 14, -26.714932614128678, 142, 2, 24.709651660920056, 146, 17, 0.9779686988919707, 701, 166, 179, 1.0, 
Tyler Glasnow, 14, 2, -0.6389118637671067, 49, 12, -15.140529154268343, 38, 8, 2.8043978556807723, 81, 9, 4.050368243270235, 171, 18, -16.01273789769516, 390, 99, 134, 1.0, 
Tyler Holton, 8, 2, 0.4627494388385518, 24, 10, -25.959304735151278, 19, 12, -34.086474402220716, 52, 15, -52.01305729501763, 80, 12, -31.414684376073083, 271, 71, 94, 1.0, 
Tyler Phillips, 8, 5, 5.267738604818234, 26, 8, 13.651817499300847, 8, 7, 9.98977183781028, 36, 2, 1.112342739061475, 27, 6, 6.956185477471266, 80, 18, 36, 1.0, 
Tylor Megill, 10, 0, 10.636450954944507, 38, 0, 42.32158993816336, 30, 8, -29.39216993726562, 66, 2, -3.354899354447218, 81, 3, 122.10511643657696, 370, 85, 78, 1.0, 
Valente Bellozo, 13, 9, 3.906941379842749, 28, 3, 0.5182737519255172, 20, 3, 0.5748360420299212, 54, 4, 1.1140645014650143, 45, 12, 7.9271999415242504, 147, 34, 68, 1.0, 
Walker Buehler, 13, 5, 6.296112401466985, 40, 0, 2.418220377192186, 25, 0, 0.41875225356308976, 69, 2, 14.422442731441764, 66, 4, 77.17238401045847, 334, 81, 75, 1.0, 
Xzavion Curry, 6, 2, 3.7370176298872515, 20, 3, -1.979521536479588, 9, 3, 39.225253293491754, 33, 3, 72.69460095197121, 29, 5, -35.007768506883224, 230, 54, 42, 1.0, 
Yariel Rodriguez, 10, 2, 0.1714065356440453, 41, 8, 2.386159235936198, 39, 1, 0.0391248627295297, 63, 6, 1.3038434535454684, 83, 12, 4.6180390749718185, 184, 43, 86, 1.0, 
Yonny Chirinos, 6, 1, -6.236129827457212, 20, 4, 5.052582043667854, 12, 2, -5.68687419167798, 32, 2, 47.59692637415946, 22, 2, -8.438391486890264, 204, 46, 30, 1.0, 
Yoshinobu Yamamoto, 7, 3, 0.2587233706673975, 29, 1, 0.0756458166845454, 23, 9, 2.2831674812263643, 68, 17, 8.499871551315522, 105, 3, 0.2567211127825231, 184, 45, 90, 1.0, 
Yu Darvish, 10, 3, -2.7136819080658015, 32, 7, -28.255394290622142, 22, 1, 10.132331559517063, 57, 1, 0.20461150807384865, 81, 2, 6.9527304763813245, 589, 144, 81, 1.0, 
Yusei Kikuchi, 27, 8, -2.7663915374124173, 81, 1, 2.5191951165968747, 55, 4, 26.979893421067466, 140, 6, 19.807158472903794, 198, 18, -16.005960720958413, 639, 149, 175, 1.0, 
Zac Gallen, 15, 6, -4.347984097176598, 58, 8, -8.430753526478252, 45, 2, 53.70129610521484, 114, 5, 0.7466222991980658, 155, 4, 18.625479533916984, 676, 165, 148, 1.0, 
Zach Eflin, 20, 1, 1.5023269842731857, 68, 8, -4.694501074302583, 29, 33, -176.47098948064723, 139, 3, 23.743512918020038, 147, 5, 21.318786428567886, 535, 130, 165, 1.0, 
Zack Littell, 22, 3, -0.8393506105389017, 68, 3, 3.954010274481523, 34, 19, -25.251915745583688, 137, 9, 27.82341314521014, 135, 18, -7.950760915796934, 369, 87, 156, 1.0, 
Zack Wheeler, 19, 3, 0.19019394523090982, 66, 9, -8.885805858383282, 49, 22, -50.70192144532649, 136, 9, 21.303015000505745, 223, 11, 33.86672460092286, 757, 189, 200, 1.0, 
Zebby Matthews, 9, 8, 12.12561564098317, 26, 9, 14.49550741679343, 11, 4, 3.2460873912183956, 39, 3, 1.9119320596687466, 41, 11, 20.064153762491117, 88, 18, 37, 1.0, 
