A.J. Minter, 7, 2, 9.516919468037987, 17, 0, 23.451459792959657, 16, 0, 10.721658652606427, 33, 1, 33.34086367080872, 60, 7, 7.891681236567749, 110, 28, 54, 1.0, 
A.J. Puk, 3, 0, 8.786529116891048, 12, 0, 7.941206033189158, 11, 0, 122.29396150539012, 23, 0, 2.1981789262361957, 43, 2, 8.836240745274953, 136, 32, 34, 1.0, 
Aaron Ashby, 4, 3, -5.005660069772709, 19, 4, 0.8909809491429499, 23, 4, -5.428441112702394, 47, 5, 22.63253669327478, 77, 4, -1.7445303261287535, 250, 58, 66, 1.0, 
Aaron Bummer, 4, 6, -43.39345602676636, 27, 2, 253.13504449333416, 22, 0, 54.11878068186363, 56, 8, -74.13805052843935, 66, 4, 99.47389675420385, 215, 48, 60, 1.0, 
Aaron Civale, 18, 1, 19.924112525468004, 61, 0, 55.38591870108937, 39, 11, 12.126893317608733, 97, 3, -2.90607648365106, 110, 2, 12.7928366946447, 508, 120, 122, 1.0, 
Aaron Nola, 26, 11, -18.60383237982345, 89, 17, -8.913162137734687, 47, 21, -61.52080054753618, 139, 14, -4.6428792965676, 173, 2, 12.857463011054216, 706, 172, 168, 1.0, 
Abner Uribe, 3, 5, -1.5018236543608943, 15, 13, -17.530619966471107, 29, 9, 34.62385916493341, 44, 4, 0.04704366285810124, 88, 2, 25.486730826550286, 133, 33, 72, 1.0, 
Adam Mazur, 4, 0, -0.00607372681139845, 20, 2, 6.720247148263795, 14, 7, -56.01933544642003, 32, 1, 10.355348807418121, 21, 4, -25.01545196067576, 118, 25, 32, 1.0, 
Adbert Alzolay, 3, 2, 1.4310706837875193, 13, 7, 15.156805995394642, 9, 6, 10.923420203544772, 32, 5, 7.248796418903167, 45, 4, 4.969040453750024, 32, 8, 43, 1.0, 
Adrian Houser, 14, 8, -14.88522807240648, 69, 8, -7.589262120389716, 50, 6, 21.1332327888909, 131, 3, 153.27318119306076, 103, 3, 39.1149728719277, 440, 101, 143, 1.0, 
Adrian Morejon, 4, 6, -20.449639514370368, 20, 7, -9.350957168239646, 19, 2, 17.091160748908067, 51, 7, -18.382089164702762, 68, 5, 21.82863408737191, 202, 49, 69, 1.0, 
Albert Suarez, 3, 0, 0.2344587409845874, 12, 0, 0.742595174434248, 9, 0, 0.2657492834417252, 25, 3, 8.961642191974274, 24, 2, 4.611253576114755, 169, 39, 30, 1.0, 
Alek Jacob, 5, 2, 1.2207146055634475, 19, 3, 1.8506944727067776, 13, 6, 7.157340283069189, 31, 2, 1.5022460076890134, 23, 2, 0.8724420066614975, 76, 16, 34, 1.0, 
Alek Manoah, 16, 7, 19.704698306198758, 41, 10, 21.780469264166758, 37, 10, 58.412809645542254, 59, 3, 41.85699746849922, 94, 12, 23.55069472194014, 217, 51, 95, 1.0, 
Alex Cobb, 4, 1, 1.9481540449873256, 18, 3, 8.600668494308522, 11, 2, 3.9554365798126736, 41, 3, 16.660050690591767, 39, 6, 19.650608881999553, 127, 30, 43, 1.0, 
Alex Lange, 4, 2, 1.9580228339479073, 19, 4, 10.376226966202042, 28, 7, 25.81290316676108, 29, 8, 20.623832483351926, 57, 7, 33.67919770761542, 55, 12, 47, 1.0, 
Alex Vesia, 7, 3, -0.9113517954872883, 19, 1, 46.115308994529215, 26, 2, 55.08933286652417, 33, 4, 84.24767954242373, 85, 6, -31.541705571445434, 236, 57, 63, 1.0, 
Alexis Diaz, 5, 1, 0.42863588690226173, 22, 0, 10.474159625778087, 30, 4, 12.428743294384825, 34, 2, 30.714635116868617, 64, 7, 14.590295500907516, 130, 31, 57, 1.0, 
Andre Pallante, 15, 5, -0.06462623676615209, 72, 8, 29.582742357502404, 53, 18, -74.64797661756364, 131, 3, 21.104302256963617, 101, 8, 5.146165146968755, 495, 114, 143, 1.0, 
Andres Munoz, 4, 3, 2.0238887170027233, 15, 8, -61.48058000901487, 27, 0, 38.33812962472829, 35, 2, 34.62400806729214, 86, 7, -3.763646294497775, 236, 58, 64, 1.0, 
Andrew Abbott, 22, 6, 3.5279032366011354, 61, 9, 23.22785594961896, 52, 3, 38.90315113294402, 127, 9, -10.486624401909506, 150, 1, 82.782262129795, 535, 128, 166, 1.0, 
Andrew Chafin, 4, 3, -11.124389287659675, 18, 8, -73.23740006071648, 27, 4, -24.028907467146723, 40, 6, -46.83295156117333, 59, 0, 41.1269519579868, 214, 49, 51, 1.0, 
Andrew Kittredge, 8, 3, -4.446273597326044, 23, 3, -0.45552177569996033, 16, 6, -2.106813095474479, 44, 2, 49.18810169256251, 74, 1, -0.19281528731614261, 198, 49, 67, 1.0, 
Andrew Nardi, 6, 1, 0.5954220328735116, 24, 3, 11.963439102566085, 19, 4, 35.44825724518721, 37, 1, 0.9502378496514245, 69, 7, 12.527175224684221, 96, 22, 51, 1.0, 
Angel Chivilli, 6, 2, -9.824581164217644, 20, 0, 46.653650549723636, 11, 1, 34.479761886087374, 28, 1, 0.34050050295872225, 23, 1, -4.616944864693025, 163, 35, 29, 1.0, 
Angel Zerpa, 7, 0, 3.2927190843990504, 28, 0, 77.52499460087593, 19, 0, 38.93780379975223, 57, 6, -4.158372894746648, 55, 6, 32.87130386066708, 215, 49, 61, 1.0, 
Anthony Bender, 4, 5, -16.436523515989336, 20, 7, -27.375402694714438, 23, 5, 64.70619259652632, 43, 3, 2.3714109776956, 58, 4, 47.12945908418763, 172, 41, 61, 1.0, 
Antonio Senzatela, 11, 1, 3.7738756161901184, 52, 1, 22.701171135561474, 25, 4, 8.953643227298116, 92, 23, -14.738551357227266, 43, 16, -6.679955603915033, 293, 63, 72, 1.0, 
Aroldis Chapman, 4, 2, -3.832122377676921, 17, 2, 210.28567648885573, 27, 1, 468.4985586070144, 31, 3, 117.3446559183281, 90, 8, 150.96356454193855, 225, 54, 61, 1.0, 
Austin Gomber, 6, 3, -49.966307382599425, 20, 3, -43.33447694138715, 8, 3, -33.39160602188035, 31, 0, 35.426327785012106, 19, 3, -39.68315050076953, 525, 121, 30, 1.0, 
Bailey Falter, 10, 3, 3.3202670790688096, 36, 6, 3.136408816886913, 24, 2, 25.17342904997493, 61, 4, 15.464597834319573, 52, 8, -39.164520719265624, 450, 107, 74, 1.0, 
Bailey Ober, 22, 10, -15.184105079195461, 67, 12, 5.591842004850136, 33, 17, -64.22802065759461, 110, 10, 2.826500514782879, 128, 16, -31.55305614970814, 534, 131, 141, 1.0, 
Beau Brieske, 7, 0, 21.359598611669334, 25, 4, 44.425720408191054, 21, 2, 73.21372148167981, 37, 3, -16.437216778516728, 38, 5, -36.43599077698542, 219, 51, 45, 1.0, 
Ben Brown, 7, 1, 2.959746920925613, 29, 7, -38.62728734861817, 17, 3, 29.79134263073209, 46, 0, 2.3280378050563217, 61, 2, 20.215498301848644, 277, 64, 54, 1.0, 
Bennett Sousa, 4, 1, 0.20391193933575202, 15, 0, 0.012222979248810523, 15, 0, 0.0668069747715665, 32, 1, 0.11653645860970774, 58, 1, 0.14036025867300195, 99, 25, 49, 1.0, 
Blake Snell, 9, 7, -11.545588557496256, 41, 6, 31.50306563514369, 59, 14, 9.526112968104059, 94, 13, -5.2135381364007, 178, 6, 9.030822386653252, 487, 118, 140, 1.0, 
Blake Treinen, 7, 2, -1.2149948377730846, 26, 2, 105.56011506789243, 30, 11, 160.6133100491283, 48, 9, 125.69568044219682, 76, 4, -5.827239365424067, 125, 28, 58, 1.0, 
Brad Keller, 7, 1, 61.04636198307501, 27, 1, 76.44811251207503, 27, 11, 246.31282275510364, 51, 0, 4.292049075378364, 60, 5, 79.62136431133366, 324, 73, 67, 1.0, 
Brad Lord, 17, 3, 0.11018601298745612, 62, 18, 4.237510676288494, 44, 4, 0.2021358500610666, 111, 12, 1.9506159942814882, 110, 14, 2.5538456356820127, 273, 65, 135, 1.0, 
Brady Singer, 19, 0, 0.32597507811262316, 75, 7, 6.77802783050981, 53, 6, 9.732490297512033, 140, 0, 20.35542711075699, 159, 1, 20.92389077578826, 700, 165, 168, 1.0, 
Brandon Pfaadt, 24, 7, 1.8857415492484861, 92, 21, -56.4935708319926, 40, 22, -60.14426159693477, 154, 5, 12.159837669357184, 150, 13, 20.64336465690439, 603, 140, 166, 1.0, 
Brandon Williamson, 6, 2, 1.763086101482528, 21, 7, 13.116445732762838, 15, 1, 0.6525505651149197, 36, 1, 0.4963679504314302, 37, 5, 7.6930391988892906, 63, 15, 46, 1.0, 
Brandon Woodruff, 19, 7, -2.1929434747865706, 48, 3, 9.338957352872814, 35, 18, -14.234180338781876, 84, 22, -14.270083605522913, 180, 23, -20.69194697225943, 263, 66, 146, 1.0, 
Brandon Young, 6, 1, 0.5957944376387365, 21, 1, 0.3744916933534963, 11, 0, 3.02848637420116e-06, 30, 6, 8.609512119684283, 24, 5, 6.013476936157133, 128, 28, 30, 1.0, 
Braxton Ashcraft, 7, 13, 2.383769729987595, 43, 20, 5.523502751095549, 44, 9, 1.1856021036239976, 113, 11, 1.5272643998320312, 134, 8, 0.9294011329701828, 146, 34, 132, 1.0, 
Braxton Garrett, 15, 0, 0.3157944528248242, 62, 8, 11.9462792814352, 22, 27, 33.95895343618777, 112, 1, 5.408699468670727, 114, 21, 50.087044424093975, 198, 47, 123, 1.0, 
Brayan Bello, 16, 3, 10.528728523569011, 68, 2, 33.593508461687385, 56, 12, -14.880440263481226, 134, 8, 84.86535054643824, 132, 2, 29.601705018124452, 584, 135, 158, 1.0, 
Brenan Hanifee, 4, 6, -18.960047283638026, 18, 15, -152.22911193582257, 14, 7, -28.74368895628433, 55, 6, -26.752621874708936, 42, 2, 19.516284464211274, 152, 35, 58, 1.0, 
Brendon Little, 4, 3, 30.184160020185082, 21, 7, 45.716389371256014, 29, 12, -99.99819072808799, 39, 5, -9.510876306363755, 61, 2, -3.615996582253043, 195, 45, 54, 1.0, 
Brennan Bernardino, 4, 5, -14.536536283738222, 22, 5, -21.518745452507986, 24, 10, -54.12291107599012, 45, 3, 16.73875678544801, 53, 6, -29.132616274720917, 206, 47, 56, 1.0, 
Brent Headrick, 11, 10, 24.994857306720526, 31, 11, 30.815715779097605, 18, 0, 0.015294546962768349, 38, 11, 32.82639565170645, 54, 8, 19.38704306253282, 15, 3, 46, 1.0, 
Brent Suter, 8, 1, 11.761657110667501, 27, 1, 1.9886858145401334, 16, 4, 20.57096861694543, 53, 2, 76.27436630402197, 48, 3, -9.443038139851748, 281, 66, 62, 1.0, 
Brock Burke, 8, 1, 14.107014798132415, 28, 2, 40.76286560721454, 20, 0, 52.7535721989288, 53, 2, -4.990591139285225, 60, 6, 46.27172872213549, 247, 59, 63, 1.0, 
Brock Stewart, 2, 1, 0.5097886214738905, 8, 3, 40.391832782038094, 12, 1, 3.898090230508248, 24, 5, -14.438835843151423, 41, 0, 0.2052929497015516, 84, 20, 33, 1.0, 
Brooks Raley, 4, 2, 1.7749205685372016, 18, 1, 0.4202418646726308, 22, 7, 29.947248135223724, 41, 2, 6.9151772154039985, 68, 5, 5.681514650195421, 45, 10, 60, 1.0, 
Bryan Abreu, 5, 1, 8.065530610507077, 18, 2, 29.673310794971982, 29, 0, 1.698963593773336, 42, 10, -82.39640140366774, 97, 1, 60.821657653374864, 289, 70, 68, 1.0, 
Bryan Baker, 9, 5, 27.341868220840134, 27, 8, 31.31511458987275, 21, 3, 13.767701357142327, 44, 0, 1.6782094245330033, 77, 4, 5.918988643799604, 175, 42, 65, 1.0, 
Bryan Hudson, 5, 0, 0.00015065698618789484, 9, 7, 21.735206409326864, 12, 1, 0.8029082643445913, 17, 17, 106.85424570084882, 44, 3, 3.6616918619004446, 69, 18, 44, 1.0, 
Bryan King, 7, 0, 21.223184244980512, 20, 8, -27.351681939651115, 16, 5, 84.94007159208314, 48, 2, 36.490299471433076, 71, 3, -4.8975706044092675, 153, 37, 66, 1.0, 
Bryan Woo, 24, 5, -1.4912290567582298, 63, 6, -1.7861904482715651, 39, 30, -26.33183516427917, 119, 4, 38.02725566445791, 184, 9, 115.92701292721432, 487, 122, 187, 1.0, 
Bryce Elder, 15, 0, 4.830713156067668, 62, 6, 0.7185205005467736, 36, 2, 19.806629492894395, 102, 1, 21.875100633406923, 89, 19, -81.74872212002185, 466, 108, 107, 1.0, 
Bryce Miller, 22, 1, -0.09778636679729336, 71, 8, -8.545513388688288, 46, 13, -30.991379582445653, 107, 4, -2.093165470178535, 125, 5, 0.9316709538343666, 506, 124, 142, 1.0, 
Bryse Wilson, 5, 2, -25.04233889130367, 15, 0, 31.751438327403662, 9, 0, 3.987825968020217, 26, 1, 40.95626890303564, 18, 1, 40.71241913475839, 372, 85, 26, 1.0, 
Cade Cavalli, 19, 2, 0.08999665805645463, 65, 7, 0.6435813788817608, 42, 1, 0.0322342049278479, 138, 15, 2.889484075797924, 110, 19, 4.330763497499447, 109, 24, 135, 1.0, 
Cade Horton, 11, 6, 0.47799754879805434, 40, 18, 4.508880142394204, 36, 5, 0.46296268844640576, 94, 10, 1.470208857846682, 104, 12, 2.0491806984977785, 238, 59, 129, 1.0, 
Cade Povich, 5, 0, 5.076096205735397, 22, 0, 2.485849707845973, 15, 0, -1.2388088027473354, 35, 1, 1.5382345102153447, 37, 0, 2.850830315655185, 336, 76, 38, 1.0, 
Cade Smith, 3, 5, -6.811729329538181, 20, 2, 47.54801877365527, 19, 14, -69.17705536082397, 47, 10, 20.002039908188806, 98, 6, 63.00346628105439, 235, 59, 71, 1.0, 
Caleb Ferguson, 4, 5, -21.289496254923748, 24, 1, 50.50908634042812, 22, 1, 26.650348357202585, 48, 5, 6.484830499719735, 56, 0, 49.972877455451425, 232, 53, 57, 1.0, 
Caleb Thielbar, 7, 0, 32.45846333308782, 25, 1, 8.847204467557354, 20, 1, 87.85101975024469, 44, 2, 27.045865574649977, 68, 3, 6.925818311357528, 200, 48, 64, 1.0, 
Calvin Faucher, 6, 2, 43.842832363631544, 29, 6, -9.144535469713105, 28, 4, 39.235210790144535, 56, 1, 100.07533518901229, 69, 3, 32.29809848731752, 177, 39, 66, 1.0, 
Camilo Doval, 4, 5, -25.1998178157773, 27, 1, 17.137087472384763, 34, 7, 17.857275208281465, 48, 4, -23.319127408562792, 77, 5, -13.047298323843506, 279, 64, 64, 1.0, 
Carlos Carrasco, 6, 1, -2.5473383127097993, 25, 2, -23.946591375632927, 13, 2, 26.878859544014155, 37, 2, -7.552538824190876, 28, 1, -6.749793934859218, 430, 97, 36, 1.0, 
Carlos Estevez, 6, 2, -4.051888618060907, 20, 3, 2.181337318445607, 21, 0, 40.71943067957186, 43, 4, -12.72927810726852, 61, 8, -49.24291055349052, 249, 60, 66, 1.0, 
Carlos Rodon, 20, 6, 10.087006068999134, 61, 16, -21.06620942536189, 52, 9, 0.24510362779805916, 96, 1, 14.789399217590042, 158, 11, 66.22994606767222, 630, 153, 148, 1.0, 
Carlos Vargas, 7, 0, 0.0018476632068051176, 25, 6, 2.552663059751623, 16, 0, 0.009931712529851408, 52, 3, 0.7643979101853002, 39, 2, 0.6246475703112306, 165, 38, 56, 1.0, 
Carmen Mlodzinski, 5, 4, -11.709540654226991, 26, 4, 25.421759581559172, 23, 0, 28.398127647433288, 58, 6, 60.29121516594007, 64, 8, -49.33639993712971, 241, 57, 69, 1.0, 
Casey Mize, 18, 1, 5.978362171978738, 66, 1, 2.431170381861054, 38, 9, -5.096214938454608, 137, 19, -33.1727309494526, 127, 4, 11.665770644102782, 431, 100, 145, 1.0, 
Chad Green, 10, 7, -23.796185951514133, 23, 2, -6.344353822962072, 13, 6, -19.227360918471163, 34, 2, -5.717818938957915, 38, 3, -8.661684302357592, 160, 38, 45, 1.0, 
Chad Patrick, 14, 0, 0.005859980411066321, 53, 2, 0.10358755667777442, 44, 7, 0.7015895868362385, 113, 5, 0.36931761676095576, 142, 16, 3.4021504273068643, 251, 59, 135, 1.0, 
Charlie Morton, 9, 2, 2.771989346969937, 37, 7, -20.56312049806118, 31, 8, -46.9059429012554, 59, 0, 55.09657504346133, 73, 1, 13.349955259055072, 699, 160, 69, 1.0, 
Chase Burns, 14, 0, 0.004081791784565782, 64, 2, 0.05916071819608926, 49, 20, 5.553646832712779, 104, 10, 1.558947687227512, 191, 46, 29.381378547595546, 94, 21, 127, 1.0, 
Chase Dollander, 21, 0, 0.003439558625982733, 83, 23, 8.70473711801425, 58, 9, 1.5032777206597956, 102, 9, 1.3281230469887344, 100, 1, 0.055067026392033425, 220, 49, 120, 1.0, 
Chase Lee, 4, 3, 2.8951308921243992, 12, 2, 1.2226781940102072, 6, 2, 1.534865143107421, 19, 5, 9.478328400137428, 26, 0, 0.07782875756113294, 74, 18, 27, 1.0, 
Chase Shugart, 4, 0, 0.15499231279415482, 14, 0, 0.09657563604346664, 13, 3, 2.2823454991808205, 23, 9, 15.209597423900874, 26, 3, 2.377507009691069, 90, 22, 37, 1.0, 
Chase Silseth, 9, 4, 4.917835870113074, 27, 4, 17.473481594324646, 24, 2, 1.4753602720431291, 37, 0, 15.911426138903987, 51, 2, 2.1080382747139894, 35, 8, 51, 1.0, 
Chris Bassitt, 20, 0, 5.886864487697574, 73, 3, 33.85988287868552, 55, 1, 0.9305763482223123, 145, 6, 36.214575650964164, 162, 9, -1.9967239881818841, 766, 180, 166, 1.0, 
Chris Flexen, 4, 1, -10.784952068593135, 12, 0, 19.31834055052208, 8, 0, 35.84660240010126, 22, 0, 12.536534853648499, 16, 4, 75.09510369715053, 485, 110, 25, 1.0, 
Chris Martin, 6, 0, 13.25628282578775, 18, 6, 22.169962780575077, 9, 12, -214.22152092423505, 46, 7, -59.81140672622554, 56, 5, 29.117988581528735, 194, 48, 53, 1.0, 
Chris Murphy, 4, 0, 0.4157043696790881, 15, 4, 3.2335048747331783, 19, 1, 9.245897498713598, 23, 8, 13.598734747925647, 34, 7, 1.1002722993351597, 113, 25, 37, 1.0, 
Chris Paddack, 21, 9, -8.506995577197628, 70, 12, -17.398125869632935, 30, 12, -20.87562176013133, 114, 9, 35.15651424722023, 95, 7, 72.67502130316521, 421, 98, 124, 1.0, 
Chris Roycroft, 3, 4, -30.46103655677335, 27, 1, -3.9413638179260335, 21, 0, 4.893517024311945, 39, 7, -59.60926114741764, 32, 8, -63.44374758462499, 102, 21, 37, 1.0, 
Chris Sale, 13, 3, 8.411016642368367, 48, 3, 53.87959995898895, 41, 14, -26.074200116213206, 113, 13, -24.207996410442732, 200, 22, -62.59926119625304, 507, 125, 157, 1.0, 
Christian Scott, 5, 2, 4.835374427822459, 17, 6, 22.909761288595103, 9, 3, 5.0529718287731455, 28, 0, 0.19697971465899694, 29, 3, 8.102470207508109, 59, 14, 36, 1.0, 
Clarke Schmidt, 3, 0, 2.9058048808417842, 10, 1, 10.84904819065715, 9, 2, -25.29198286437814, 18, 1, 19.561551571517555, 27, 1, -3.834144210780792, 399, 94, 27, 1.0, 
Clay Holmes, 11, 10, -17.26411330924835, 54, 4, 5.083528725840127, 53, 15, -42.19157812475165, 121, 15, -41.2522477485002, 138, 8, 17.890526337852297, 375, 88, 149, 1.0, 
Clayton Beeter, 7, 2, 0.4821430734728285, 27, 17, 17.255524266827564, 41, 27, 42.09130029994924, 26, 13, 9.724265022534496, 84, 10, 6.501437035141294, 52, 12, 63, 1.0, 
Cody Bradford, 8, 3, 6.342504894550517, 25, 3, 44.45698773874298, 11, 9, 16.497977729942477, 42, 6, 15.820441467393998, 52, 5, 4.875970065860237, 116, 28, 56, 1.0, 
Cole Henry, 8, 0, 0.05172039401461004, 30, 3, 0.6199269158610221, 38, 7, 3.1267287589769737, 44, 1, 0.08198058864268076, 64, 3, 0.6621894914450701, 120, 26, 64, 1.0, 
Cole Ragans, 16, 2, 0.5628907042348787, 69, 6, -7.209104554053813, 56, 8, 143.7631814024708, 114, 2, 7.968075063538173, 207, 32, 73.82083611164762, 396, 95, 155, 1.0, 
Cole Sands, 6, 1, -1.1496730681609297, 30, 7, -29.908028335066888, 17, 6, 7.308413356960926, 54, 2, 11.2265806623071, 69, 6, 0.7763749460217468, 213, 50, 68, 1.0, 
Cole Sulser, 6, 2, 1.3369880369441147, 20, 1, 0.8338388353032092, 16, 3, 3.6826843679849928, 34, 0, 0.1140975027655813, 39, 2, 2.1503179261804237, 22, 5, 51, 0.6666666666666667, 
Cole Winn, 5, 3, 0.8062842989830337, 12, 13, 9.516088611020209, 24, 11, 6.804295883633543, 32, 10, 5.73837928956317, 54, 9, 5.163906913633333, 81, 20, 63, 1.0, 
Colin Holderman, 5, 2, -1.9053802121996348, 24, 3, -19.759595147426012, 22, 1, 23.49785450498586, 38, 4, -41.08681828375808, 36, 6, 143.44875033204323, 176, 40, 40, 1.0, 
Colin Poche, 4, 1, 18.006589085507958, 11, 2, 41.69966049058171, 11, 1, 40.62818520733552, 19, 0, 8.567872703456441, 29, 0, 23.25158688811027, 107, 25, 31, 1.0, 
Colin Rea, 11, 4, -1.4389888489617704, 35, 8, -31.853761515739187, 22, 4, -5.229067452808128, 64, 5, 29.209556340139045, 63, 2, 22.72505548342997, 586, 139, 79, 1.0, 
Colton Gordon, 9, 7, 6.299770162177509, 24, 5, 3.185609094028351, 9, 5, 3.3725563369904847, 40, 0, 0.029872297360447275, 34, 6, 5.03925147853198, 189, 43, 42, 1.0, 
Connor Brogdon, 10, 2, 1.3467351210627108, 28, 1, 36.46349748995953, 20, 3, -0.39991121290076137, 39, 4, 16.934703273933742, 50, 12, -38.91604777641106, 119, 28, 51, 1.0, 
Cooper Criswell, 6, 1, 1.9833089750878836, 24, 4, 6.278057406727822, 14, 0, 4.220439351865403, 45, 2, 3.105043656040513, 35, 2, 13.708291248295405, 123, 28, 46, 1.0, 
Corbin Burnes, 4, 0, 0.25302986278215556, 13, 1, 23.945803389305887, 13, 2, 50.6303071006386, 28, 0, 49.114593020216404, 41, 0, 23.291979689418138, 657, 163, 42, 1.0, 
Craig Kimbrel, 3, 0, 6.736178945584047, 13, 2, 24.233462537406695, 13, 2, 29.026915386021727, 16, 3, 26.65434070544012, 35, 0, 44.71330393362982, 128, 30, 26, 1.0, 
Cristian Javier, 16, 13, -6.634039258397152, 69, 15, 18.606021376660948, 62, 4, 62.687204786890476, 107, 10, -18.987093132897055, 129, 2, 53.82236461863146, 394, 95, 142, 1.0, 
Cristopher Sanchez, 16, 13, -4.094924659488207, 70, 31, -87.6930639355233, 47, 22, -51.88640003538784, 161, 8, -1.1525945287184172, 184, 19, -26.451649070587905, 533, 130, 193, 1.0, 
DJ Herz, 3, 0, 0.05637191604664732, 13, 1, 1.9854560057806911, 12, 3, 7.759485017757704, 21, 1, 2.9643527442464093, 35, 4, 19.952173694888216, 114, 26, 29, 1.0, 
DL Hall, 4, 2, 4.344469599976755, 24, 0, -0.0032647358303207683, 23, 9, -58.27828432490665, 39, 9, 45.09322074375419, 44, 3, -10.01903160339932, 140, 32, 53, 1.0, 
Dan Altavilla, 3, 1, 0.3093973191044501, 8, 1, 0.5162729817624472, 14, 9, 24.45196860480712, 15, 3, 2.8399977923567263, 22, 10, 25.72874771334199, 60, 14, 29, 1.0, 
Daniel Palencia, 6, 0, 0.1585459508003717, 23, 1, 3.2900060338069537, 23, 1, 1.142868055856832, 48, 5, 2.9139221495187257, 77, 1, 34.37514498598197, 105, 25, 66, 1.0, 
Danny Coulombe, 4, 2, -4.45464884216071, 12, 3, -17.768467889951978, 14, 1, 153.9059419837583, 27, 0, 188.8048566127721, 47, 4, 14.66214856420595, 152, 38, 45, 1.0, 
Dauri Moreta, 4, 1, 15.904528174659676, 14, 6, 29.10487143031927, 13, 3, 26.911447696928803, 19, 0, 15.22919106894451, 40, 3, 16.662813615519866, 39, 9, 33, 1.0, 
David Bednar, 6, 2, -6.593905988073232, 24, 1, 29.172249824526542, 24, 4, 47.932951731587416, 46, 7, 7.060182772239244, 80, 3, 103.88150196029653, 250, 59, 65, 1.0, 
David Festa, 7, 0, -0.2664762852891105, 25, 1, 0.3957811059746188, 16, 6, -42.745342573530976, 34, 2, 33.058766064547, 47, 3, 144.10101397557926, 202, 46, 44, 1.0, 
David Peterson, 13, 9, -9.757590303790757, 70, 1, 44.29959879831381, 62, 17, -40.91698932676928, 142, 18, -43.20566745933823, 151, 4, 88.21063952100565, 544, 126, 161, 1.0, 
Davis Martin, 18, 0, 8.041673415065743, 69, 3, 44.06793413936571, 54, 8, -4.591279178385577, 126, 0, 29.466215434850373, 121, 12, 7.719911874414464, 316, 74, 148, 1.0, 
Daysbel Hernandez, 3, 2, 0.9150759820526879, 14, 3, 2.126101633679273, 27, 15, 38.25663836335531, 23, 1, 0.3961957130061151, 33, 7, 9.875127970274221, 82, 18, 36, 1.0, 
Dean Kremer, 18, 4, -0.07090098884268681, 65, 12, -23.393683391075122, 45, 1, 49.342921131921685, 116, 1, 63.72481705968858, 126, 2, 42.46718092576074, 627, 149, 146, 1.0, 
Dennis Santana, 5, 5, -11.116415045803343, 23, 3, 14.530813719182861, 19, 2, 4.407675543093051, 45, 4, -7.238539971249942, 62, 5, 14.003420669212353, 235, 57, 69, 1.0, 
Devin Williams, 5, 3, -2.4957734200952757, 28, 0, 34.068473553433606, 28, 3, 28.559852551128007, 39, 12, -36.02150092246731, 94, 12, -32.39327469888326, 170, 42, 65, 1.0, 
Drew Rasmussen, 12, 8, 13.823744123604857, 49, 5, 14.834530884476518, 39, 15, -39.44879474131605, 114, 20, 26.100943057103933, 157, 4, 85.22127372851794, 365, 92, 157, 1.0, 
Drew Smith, 5, 1, 6.816393346913441, 16, 1, 1.6758963860856673, 17, 0, 0.639796506870623, 27, 2, 12.623193933002101, 42, 0, 3.4437202014688855, 43, 10, 38, 1.0, 
Drew Thorpe, 9, 0, 0.00021206459795443128, 31, 1, 0.6510609017690377, 24, 2, 1.5943994758857523, 33, 15, 68.29676237164084, 31, 21, 129.62266897088085, 57, 13, 51, 1.0, 
Dustin May, 19, 7, 3.6912915154975305, 71, 8, 9.485642826344527, 58, 3, 4.082881942296959, 109, 5, 59.73716331470806, 125, 9, 29.277121457652473, 209, 49, 141, 1.0, 
Dylan Cease, 19, 0, 0.6541336793471341, 78, 4, 13.116538716801482, 71, 3, 30.71635116571835, 129, 1, 22.12785072574009, 218, 7, 6.232682755593249, 753, 179, 175, 1.0, 
Dylan Dodd, 6, 2, 2.2390315489113117, 19, 6, -10.511108439938198, 8, 8, -1.6979327981132712, 32, 5, 12.087047261701429, 33, 8, 19.188845037894282, 94, 21, 42, 1.0, 
Dylan Lee, 9, 5, -20.052181418723706, 22, 0, 52.361706716242274, 17, 6, -0.5930282528696011, 44, 2, 41.81833423632285, 76, 0, 70.26558617222344, 202, 50, 66, 1.0, 
Eduard Bazardo, 6, 1, 4.024848252825047, 25, 0, 14.161505298628287, 23, 2, 85.00644432406253, 41, 6, -0.5912988420987588, 75, 2, 85.50044721245068, 168, 42, 67, 1.0, 
Eduardo Rodriguez, 19, 4, -2.21134327374795, 71, 0, 5.689619413883849, 51, 1, 5.656766189277095, 127, 2, 13.6904537281935, 128, 22, -91.1954091867292, 482, 111, 135, 1.0, 
Edward Cabrera, 17, 3, 0.05010963622349429, 60, 6, 25.035275129633273, 60, 10, 10.985430230635473, 97, 5, 11.646122542096208, 149, 21, -110.83818837393142, 431, 100, 137, 1.0, 
Edwin Diaz, 5, 0, 12.659950988873437, 17, 4, 104.86974116658472, 23, 9, -43.13667359478404, 34, 2, 1.6954780967445977, 102, 12, 44.90903895135554, 205, 52, 67, 1.0, 
Edwin Uceta, 7, 0, 9.921423831794776, 24, 10, -37.044199129870975, 23, 17, -94.15129404280191, 46, 5, 41.63182503838201, 98, 1, 17.668903721861863, 192, 46, 71, 1.0, 
Eli Morgan, 3, 0, 2.2410335930739476, 8, 3, 23.693135821645573, 8, 1, 4.026994186181456, 19, 0, 4.287948660302102, 26, 2, 79.15482770398859, 120, 29, 28, 1.0, 
Elvis Alvarado, 8, 1, 0.17257172648381847, 22, 7, 3.807552817547517, 31, 1, 0.06347515971775852, 39, 1, 0.06886613495601002, 68, 13, 11.988245393432607, 91, 21, 59, 1.0, 
Emerson Hancock, 11, 4, -7.768165379574334, 36, 2, -2.8535746017135297, 22, 3, -2.3637991324129715, 58, 10, -50.7839143502527, 46, 4, -1.99444530438889, 260, 60, 67, 1.0, 
Emilio Pagan, 9, 3, 1.9363925478128614, 26, 1, 7.483435994005321, 21, 3, 28.654480558986663, 43, 13, -80.15155607751524, 77, 2, 17.759969807629076, 243, 59, 66, 1.0, 
Emmet Sheehan, 15, 1, 4.959566410484499, 49, 2, 16.29458185351751, 45, 5, 9.674852907535056, 81, 19, -11.49238542183177, 161, 5, -0.8160901611909974, 169, 41, 136, 1.0, 
Enyel De Los Santos, 8, 1, 28.814576926191513, 29, 2, 19.377889943767787, 22, 2, 30.992358614563052, 47, 2, 16.18183115471326, 60, 2, 123.63548493111874, 258, 62, 61, 1.0, 
Eric Lauer, 10, 5, 14.094096718015123, 27, 1, 48.98336528722994, 19, 1, 26.075419750198474, 47, 7, 0.20244041107926591, 61, 1, 9.223166064757162, 302, 72, 63, 1.0, 
Eric Orze, 5, 1, 0.11829040780025513, 20, 5, 2.3676490391403924, 24, 13, 13.267112916132533, 46, 1, 0.09128511056983935, 55, 1, 0.07144384705659235, 89, 20, 56, 1.0, 
Erick Fedde, 13, 0, 0.16532389637977904, 53, 6, 37.17748899844942, 39, 15, 19.86498751859375, 88, 6, -7.7324294708471335, 72, 6, 147.23828912328503, 557, 129, 102, 1.0, 
Erik Miller, 3, 6, -4.33649177763283, 17, 14, -69.57624753009009, 34, 22, -138.91898032781933, 44, 3, 55.68535254816737, 56, 1, -1.844838155973112, 164, 38, 59, 1.0, 
Erik Sabrowski, 4, 1, 0.19356456381651554, 13, 7, 3.6794057571400884, 39, 26, 43.41067350391148, 26, 11, 7.876512158975018, 86, 1, 0.10315778091170569, 60, 14, 60, 1.0, 
Ethan Roberts, 4, 1, 0.6376266246345015, 16, 7, 30.048054257632543, 14, 1, 0.5766275584027104, 38, 6, 20.12747419762486, 36, 3, 8.462123429147537, 35, 7, 36, 1.0, 
Eury Perez, 17, 7, 0.44821252856568883, 58, 25, 0.006329584550911704, 46, 5, -0.8600288998674293, 85, 15, -5.337327041705365, 158, 14, 2.222858852186377, 239, 58, 139, 1.0, 
Fernando Cruz, 6, 0, 1.863020864205065, 27, 6, -37.339233135674434, 29, 4, 0.8066388836001508, 38, 1, 52.5714705880765, 91, 15, -74.64671661327992, 237, 55, 60, 1.0, 
Framber Valdez, 15, 9, -11.501468974682222, 71, 10, 5.170329900340214, 61, 9, -3.9506924204017544, 147, 10, 5.60505275188617, 184, 2, 2.049398463376945, 785, 191, 188, 1.0, 
Freddy Peralta, 20, 7, -3.7708085999224465, 58, 8, 28.042403069790634, 59, 15, -33.25666884533862, 104, 12, -8.323260015635448, 194, 6, 15.838800401076666, 611, 148, 166, 1.0, 
Gabe Speier, 5, 1, 2.059889706861177, 24, 3, 65.42164187804016, 19, 4, 145.08523210506397, 39, 3, 8.509035975852978, 76, 9, -62.126194860779094, 174, 43, 58, 1.0, 
Garrett Cleavinger, 8, 2, 9.81419621783018, 21, 4, -5.118138380326819, 25, 6, 46.885365850580456, 40, 2, -1.8929354307477801, 85, 10, -44.33606953657494, 203, 48, 65, 1.0, 
Garrett Crochet, 21, 5, -1.6535409524717855, 61, 1, 27.463428367160525, 45, 23, -33.590150620511125, 129, 7, -0.9727323708696733, 240, 34, 13.073542065576817, 563, 140, 186, 1.0, 
Garrett Whitlock, 5, 4, 17.288782663617162, 23, 5, 5.581763778238805, 20, 3, 75.14497175328079, 52, 2, 17.293473004356553, 81, 4, 14.252279232740555, 211, 51, 68, 1.0, 
Gavin Stone, 4, 1, 6.728211305858274, 15, 3, 90.09716053836031, 8, 0, 7.75080346464836, 25, 2, 14.144189386128051, 21, 1, 8.367414013637356, 157, 36, 27, 1.0, 
Gavin Williams, 19, 2, 6.832322007817162, 70, 17, -23.142147390678417, 78, 6, 8.852760159644651, 120, 12, 2.453076667930141, 171, 3, 2.115835945209819, 428, 100, 166, 1.0, 
George Kirby, 19, 0, 0.1439136833929941, 72, 4, 18.123349926038784, 34, 31, -114.09047290001948, 143, 8, -1.5486742235916537, 172, 8, 63.87816177484879, 650, 159, 171, 1.0, 
George Soriano, 9, 4, -20.669528090080597, 34, 6, -29.97502472576116, 21, 2, -2.704244406407433, 38, 5, 5.527703658511726, 42, 4, 10.894440274068188, 164, 36, 43, 1.0, 
German Marquez, 22, 0, 0.37956724928055185, 91, 2, 2.5956338988504393, 48, 2, 6.477407740690275, 140, 10, -0.7649651590766808, 87, 9, 0.07612305468181546, 390, 87, 127, 1.0, 
Gerrit Cole, 14, 1, 3.8904954674051537, 43, 2, 6.4716832302034835, 34, 3, 7.740902550082231, 83, 10, 33.569888516824086, 129, 14, 6.147050697592775, 334, 84, 121, 1.0, 
Gordon Graceffo, 4, 11, 8.26264960929231, 41, 2, 0.42026123816903826, 18, 7, 3.3835668831984123, 66, 2, 0.27195338078968545, 52, 19, 23.780128214937235, 96, 21, 59, 1.0, 
Graham Ashcraft, 6, 4, 18.241454083462884, 33, 2, 73.580736668129, 23, 1, 11.672669382954489, 64, 3, 21.261037042090617, 57, 3, 7.94304265424595, 430, 98, 65, 1.0, 
Grant Anderson, 11, 5, 112.8284063723387, 33, 2, 37.76440445948121, 24, 11, -112.36313007858172, 46, 2, 257.96744724118867, 60, 6, -0.6879132629045017, 177, 40, 58, 1.0, 
Grant Holmes, 14, 1, 1.2665415362707062, 48, 0, 0.2308765835578715, 44, 11, -21.71406248832956, 87, 9, -13.415841050904639, 118, 6, -7.2109218494888925, 309, 73, 113, 1.0, 
Grant Wolfram, 3, 3, 1.667922151987547, 21, 3, 1.556215069185786, 19, 9, 14.778496999348619, 43, 16, 45.27864654557959, 42, 6, 7.087278788915569, 66, 13, 36, 1.0, 
Grayson Rodriguez, 15, 3, 0.33280528539509246, 52, 6, 4.729812280399321, 38, 4, 1.8617693530918982, 99, 2, 3.152910920604661, 129, 21, 19.421028387777042, 216, 51, 120, 1.0, 
Greg Weissert, 6, 1, 0.07089336728678308, 22, 7, -22.72169613676418, 20, 0, 0.1728170952407131, 53, 3, 28.884584914903744, 56, 3, 50.8674580683345, 216, 52, 65, 1.0, 
Gregory Soto, 5, 5, -34.80119350709525, 29, 5, -3.4065395808994623, 27, 1, 85.82172680581925, 56, 1, 4.173133920981553, 70, 9, -75.06239423130461, 259, 58, 61, 1.0, 
Griffin Canning, 15, 0, 5.804900970017639, 51, 1, 7.037239510626515, 43, 10, 89.66167722560442, 88, 0, 2.8798273094037774, 97, 7, 30.245034483175644, 496, 116, 108, 1.0, 
Griffin Jax, 6, 2, -3.28479388602139, 26, 3, 11.284561821272476, 20, 11, -91.85408340636727, 52, 2, 48.32107523947124, 91, 14, -118.02076642023519, 280, 68, 68, 1.0, 
Gunnar Hoglund, 10, 7, 8.490689274557127, 26, 7, 7.685056388129496, 13, 5, 5.231416758043906, 32, 3, 1.5938487256759224, 28, 7, 8.523584428827363, 69, 16, 37, 1.0, 
Gus Varland, 4, 3, 3.3713085513920245, 22, 10, 30.04686371364825, 19, 0, 104.99716184281841, 47, 7, 13.80580854762595, 44, 0, 5.531111911229442, 46, 9, 43, 1.0, 
Hayden Birdsong, 8, 2, -4.413335199910678, 29, 5, -12.106335239924903, 31, 5, -2.8541519599202942, 40, 1, 137.99152675010683, 62, 2, 19.539269666168025, 245, 54, 56, 1.0, 
Hayden Wesneski, 4, 2, -44.673915078217334, 11, 2, 15.305178652969033, 6, 2, -8.287591351480216, 17, 2, 62.5459119456069, 23, 0, 54.623876100781466, 231, 55, 25, 1.0, 
Hoby Milner, 5, 4, -14.743724295978392, 26, 1, 107.58140070912629, 16, 3, 0.48231998329204373, 53, 0, 60.915660373944256, 55, 4, 4.055433186067411, 271, 65, 62, 1.0, 
Hogan Harris, 6, 3, -7.287012316582906, 27, 4, 95.50299754994882, 32, 3, 55.993220751242816, 52, 6, -29.74563521144931, 62, 2, 23.1051708521594, 268, 61, 66, 1.0, 
Huascar Brazoban, 4, 3, -14.306392407846822, 23, 3, 6.635243952553637, 27, 4, 37.756371016026904, 40, 3, 10.174654646984607, 56, 5, 14.743147056206865, 219, 51, 56, 1.0, 
Hunter Brown, 19, 0, 2.2668260822448114, 64, 9, -2.7525549213732887, 59, 2, 12.538529279039139, 131, 11, 1.524278216758546, 198, 2, 66.01559290078181, 652, 158, 180, 1.0, 
Hunter Dobbins, 9, 4, 0.5574987006773711, 42, 7, 1.458858580729622, 25, 3, 0.2987562523495111, 82, 8, 1.7708573725646914, 66, 0, 0.0005144796401272212, 128, 30, 90, 1.0, 
Hunter Gaddis, 6, 0, 14.957831088340903, 21, 3, 48.74691175470855, 19, 2, 30.07368446698129, 46, 0, 83.9279802707932, 66, 9, -55.000547040102504, 227, 56, 67, 1.0, 
Hunter Greene, 21, 6, 5.0355136628747665, 59, 2, 3.025972555167824, 54, 6, 41.92992191312564, 104, 24, -57.18324994941355, 206, 1, 28.108420786647685, 515, 123, 169, 1.0, 
Hunter Harvey, 5, 2, 5.486729463927422, 21, 3, 3.525380394132654, 15, 5, 7.8774152291727155, 42, 1, 27.816376124775267, 56, 0, 14.789001005220703, 101, 24, 51, 1.0, 
Hurston Waldrep, 7, 9, 1.736782536606217, 37, 14, 3.849111972554887, 41, 15, 4.415480790805255, 83, 10, 1.9826111654982341, 108, 0, 0.0029947449032323922, 114, 28, 110, 1.0, 
Ian Hamilton, 4, 2, 7.413494218234245, 21, 2, 49.760431781815015, 23, 1, 26.04971303602516, 36, 3, 22.01840791614709, 53, 1, -1.6354268079947598, 176, 41, 49, 1.0, 
Isaac Mattson, 5, 2, 0.3987996293051568, 18, 3, 0.5304361235248853, 24, 10, 5.680687193297118, 41, 6, 2.0476429952213735, 61, 0, 0.0022404695001227368, 99, 23, 64, 1.0, 
J.T. Ginn, 9, 2, 7.018005721917305, 32, 0, 6.260646997462178, 19, 4, -10.598139212313072, 54, 7, -8.471014777308994, 60, 5, -4.401611207379787, 213, 49, 60, 1.0, 
JP Sears, 17, 6, -14.63291356099164, 49, 4, 37.04017004953795, 28, 14, -15.765911423527996, 77, 2, 7.259543167703771, 79, 0, 6.287971407985081, 591, 139, 95, 1.0, 
JT Brubaker, 1, 7, 3.9346295224717096, 21, 1, 3.2460215775633, 19, 7, 11.73575230005764, 40, 2, 0.0804851301314109, 39, 1, 3.14761851162942, 217, 49, 48, 1.0, 
Jack Flaherty, 21, 4, 8.16018367053635, 74, 1, 15.390261010917412, 58, 13, 46.79788819415349, 123, 2, 6.852204830840388, 183, 16, 22.201229711994856, 536, 125, 158, 1.0, 
Jack Kochanowicz, 4, 0, 3.355707876089067, 18, 0, 21.714458509484928, 11, 1, 185.49879997801776, 29, 1, -6.7155231444113355, 17, 7, 56.61341832973096, 311, 70, 29, 1.0, 
Jack Leiter, 22, 0, 0.1912287552312894, 95, 9, 42.87338020552127, 72, 21, -40.49645716128293, 127, 2, 15.361829300830776, 144, 13, -16.359762657883763, 327, 74, 151, 1.0, 
Jackson Rutledge, 12, 3, 0.7137642942836582, 37, 4, 1.275837302963664, 20, 10, 6.801443495625989, 55, 13, 12.063924589870823, 52, 3, 0.8776690256533364, 165, 36, 59, 1.0, 
Jacob Latz, 10, 2, 3.9641434072728465, 36, 0, 2.8577272564925558, 49, 18, -61.92572636456396, 73, 17, -57.738881836500866, 94, 11, -22.146276696925156, 216, 51, 102, 1.0, 
Jacob Lopez, 19, 8, 0.9576324589844809, 58, 8, 0.9663167055565385, 52, 14, 2.839392333190439, 92, 12, 2.0123874272274485, 156, 16, 3.706403776262384, 199, 46, 126, 1.0, 
Jacob Misiorowski, 16, 0, 0.0027354621634548305, 67, 3, 0.10778228166353476, 65, 1, 0.024848176545440692, 94, 26, 8.15096365046314, 183, 1, 0.020284913635155832, 136, 33, 139, 1.0, 
Jacob Webb, 6, 0, 19.40297374181535, 18, 2, 34.48388648270135, 21, 1, 6.487374946533436, 33, 1, 1.7098842339317635, 52, 2, 12.434089038765556, 228, 54, 54, 1.0, 
Jacob deGrom, 20, 6, 3.124044071449948, 51, 5, -0.18582729435584078, 35, 34, 31.54821437870342, 89, 6, 4.0297116411527965, 190, 28, -27.115762898842306, 238, 62, 160, 1.0, 
Jaden Hill, 3, 3, 0.9550128695536326, 19, 2, 0.4700551005726634, 19, 8, 6.516442842813177, 42, 3, 1.1201799323865949, 53, 6, 3.3902856753734483, 64, 14, 50, 1.0, 
Jake Bird, 6, 2, -2.302640011720168, 30, 0, 57.75952712052076, 25, 6, -19.301998099258952, 51, 3, 22.37047006721634, 54, 5, 61.81787941869047, 256, 57, 55, 1.0, 
Jake Irvin, 22, 10, -10.278199520698351, 70, 16, -7.456877685760816, 42, 2, 11.516424397855882, 107, 9, -0.7776876769406087, 96, 1, 35.64935275886345, 646, 151, 127, 1.0, 
Jakob Junis, 6, 1, 5.822891677879949, 23, 3, 1.0468234022084602, 15, 8, -27.780378908635214, 52, 7, -31.019263842707062, 55, 0, 209.08873455644527, 343, 82, 65, 1.0, 
Jalen Beeks, 5, 1, -0.9738945673120032, 22, 1, 12.321021104452955, 18, 4, -31.632813151779985, 39, 4, 55.46986438122313, 42, 3, -17.585668472667017, 246, 57, 49, 1.0, 
James McArthur, 4, 0, 0.18369774407926767, 19, 2, 2.4445901484962134, 9, 2, 4.818704791570313, 37, 5, 18.666688393754534, 29, 7, 30.145032219432856, 74, 16, 35, 1.0, 
Jameson Taillon, 23, 11, -15.963843787438115, 63, 4, 23.87429642659818, 35, 22, -87.83180745852704, 115, 9, 41.908589244139414, 121, 0, 16.289891941579384, 644, 156, 154, 1.0, 
Janson Junk, 7, 8, 1.7400421832308801, 43, 6, 1.2202701223781887, 14, 25, 17.065522913461024, 86, 2, 0.12407904906626199, 64, 5, 0.6713332151649656, 223, 55, 91, 1.0, 
Jared Jones, 12, 4, 2.140571465877895, 39, 7, 4.692140393009866, 27, 3, 0.9278145750012148, 65, 11, 12.096111148442251, 93, 13, 18.624019542721463, 151, 36, 87, 1.0, 
Jared Koenig, 5, 3, -4.649499324501615, 22, 8, -2.293709824127859, 21, 3, 4.997954018944824, 53, 2, -2.043951472409333, 64, 2, 33.396048592536715, 205, 48, 66, 1.0, 
Jason Adam, 3, 2, 0.8236558297009822, 12, 6, -44.24133030224783, 17, 2, 17.91239055341659, 29, 2, 81.17095629390639, 55, 2, 186.61371079617908, 252, 63, 49, 1.0, 
Jason Alexander, 9, 0, 0.26661759213138403, 28, 5, 1.3740797373789775, 18, 7, 7.3135239665802345, 44, 1, 1.9561236097407506, 42, 0, 2.8102084276123485, 187, 42, 51, 1.0, 
Jason Foley, 2, 2, 6.654033556060984, 10, 2, 6.296067435835848, 8, 1, 23.941687091994606, 25, 2, 46.1923479038096, 23, 0, 2.2362959766160397, 130, 31, 30, 1.0, 
Javier Assad, 6, 1, 6.050404008199715, 25, 0, 8.699047752830186, 23, 6, 2.7351852544380932, 52, 3, -0.4146901464740047, 48, 2, 145.0878846126307, 351, 82, 65, 1.0, 
Jeff Hoffman, 9, 5, 28.29697173798231, 23, 5, 123.87262038072626, 22, 1, 65.10927901217849, 39, 5, 3.974237221297855, 80, 5, 52.621212999938045, 239, 57, 64, 1.0, 
Jeffrey Springs, 24, 10, -9.400825301316182, 67, 4, 29.81541908023323, 52, 2, 9.030137068656943, 130, 0, 31.89617204196864, 153, 16, 25.089185907988593, 407, 98, 166, 1.0, 
Jeremiah Estrada, 8, 4, 15.456503453777714, 24, 7, -15.814307678356599, 27, 5, -13.331020277389008, 43, 9, -36.66222901078767, 105, 7, -16.24102371002879, 222, 53, 71, 1.0, 
Jesse Scholtens, 5, 2, 2.418887469989154, 17, 3, 6.841415793653549, 10, 2, 3.002871496111201, 30, 1, 1.8218649246879977, 21, 2, 3.57810882115896, 49, 11, 30, 1.0, 
Jesus Luzardo, 19, 4, 3.010069961079574, 79, 15, 13.639899944950926, 57, 8, 26.532515898252743, 136, 19, 41.80948253923489, 191, 0, 5.120684083860456, 543, 131, 175, 1.0, 
Jhoan Duran, 4, 3, -6.53660727875398, 20, 3, 67.95367633145362, 20, 3, -13.081444932270959, 50, 11, -109.38130430011284, 82, 1, 35.542731893827984, 259, 63, 68, 1.0, 
Jimmy Herget, 8, 1, 29.51766768614566, 26, 11, 4.362796911619853, 22, 0, 7.7433559810127965, 61, 2, 5.854844921582825, 72, 2, 37.904102514705215, 172, 42, 76, 1.0, 
JoJo Romero, 4, 4, 6.525803578657531, 19, 3, 27.47980634983868, 23, 7, 82.80612165797743, 47, 8, 14.784549248353471, 59, 0, 58.152219609177905, 199, 48, 64, 1.0, 
Joe Boyle, 7, 1, -0.008334387224283368, 41, 14, -29.365156136439083, 45, 15, 215.1016804172, 53, 3, -4.334475578885687, 82, 0, 99.38337554932016, 180, 39, 72, 1.0, 
Joe Jimenez, 2, 1, 19.56401826267979, 8, 0, 7.564769587800248, 8, 0, 13.249310807133574, 18, 0, 28.922478874726696, 33, 2, 26.642085425283675, 124, 30, 26, 1.0, 
Joe Musgrove, 18, 3, 1.7912402288318325, 58, 3, 14.465763296842086, 35, 15, 2.747542935519661, 118, 2, 5.415487069784338, 148, 6, 0.8733606257211903, 258, 62, 147, 1.0, 
Joe Ryan, 24, 13, -23.905233375036836, 65, 20, -47.27936430526562, 39, 24, -70.8096406648807, 114, 1, 16.257147967792122, 192, 12, 8.359319305993239, 625, 153, 169, 1.0, 
Joel Payamps, 7, 0, 2.031861036350426, 27, 1, 30.90999517868776, 16, 2, 1.2643535572939513, 43, 3, -6.761993285704328, 47, 8, 32.07891974964039, 220, 52, 51, 1.0, 
Joey Cantillo, 16, 3, 1.0662895298066237, 56, 7, -6.739556905945669, 55, 10, 94.75452745260841, 97, 3, 7.345464783114271, 154, 19, -17.13823371465324, 225, 53, 133, 1.0, 
Joey Estes, 4, 2, 3.9634820637416066, 15, 1, 3.3508079174020065, 6, 3, 13.62721759156982, 23, 4, 23.761941317448095, 20, 0, 0.2969683226444585, 162, 38, 27, 1.0, 
Joey Lucchesi, 4, 0, 0.17225354793506997, 18, 0, 11.379959019762119, 14, 1, 3.248188292580494, 36, 3, 0.42816764655606576, 35, 2, 17.35520242265489, 113, 26, 45, 1.0, 
Joey Wentz, 6, 0, 4.930493020484199, 28, 1, 40.837816551908155, 21, 2, 48.98448230812407, 44, 0, 61.20558777103004, 47, 4, 10.952756198711143, 343, 75, 47, 1.0, 
Johan Oviedo, 14, 0, 13.126521313112573, 45, 9, -2.3587134766760087, 56, 7, 0.09630263964576002, 65, 21, 1.6319699472337845, 108, 2, 1.6060880695256219, 278, 63, 107, 1.0, 
John King, 5, 0, 21.24486256663594, 21, 2, 11.158944109481027, 13, 2, -3.266606199909198, 50, 12, -298.20609482096535, 29, 10, -227.1301347366549, 212, 49, 47, 1.0, 
John Schreiber, 6, 0, 44.18938221721267, 26, 0, 6.4055506849229555, 22, 2, 15.625135695289256, 50, 0, 89.01526848691854, 63, 2, 40.62233751454981, 237, 56, 64, 1.0, 
Jon Gray, 7, 0, 3.634486568846118, 30, 0, 5.070379419857033, 18, 0, 6.407894404935142, 55, 2, 8.68636547166577, 55, 4, 39.23909385082183, 269, 64, 63, 1.0, 
Jonathan Cannon, 15, 0, 0.020416108605079142, 54, 4, 7.0944739270327055, 33, 5, 13.494406052309, 83, 5, 106.86133591331262, 74, 1, -0.20446147314220697, 395, 90, 92, 1.0, 
Jonathan Loaisiga, 8, 5, 16.968752987451623, 20, 1, 7.4141000530419205, 14, 2, 0.9526251005549895, 39, 1, 6.62208067712515, 35, 6, 4.815879764679963, 96, 22, 42, 1.0, 
Jordan Hicks, 6, 7, -66.87074398462788, 37, 8, -48.18886521320047, 28, 4, 8.311445074397191, 58, 3, 3.508742783343493, 56, 4, 16.3275601178427, 335, 75, 59, 1.0, 
Jordan Leasure, 11, 4, -2.917635015242876, 35, 0, 72.48488526502916, 33, 4, 37.3941812837562, 46, 11, 48.71197096068747, 73, 3, -2.2856692499886044, 164, 38, 66, 1.0, 
Jordan Montgomery, 7, 3, 4.137871797462705, 34, 3, 1.3232525151296155, 19, 2, 6.117323936612714, 60, 3, 7.5466792362157715, 47, 3, 14.556149189426097, 338, 80, 60, 1.0, 
Jordan Romano, 10, 2, 4.2640664210882875, 39, 3, 17.496658323659606, 22, 8, 82.54483004635537, 44, 14, 48.7658582066764, 60, 9, 15.932589042679894, 161, 38, 54, 1.0, 
Jordan Wicks, 7, 3, 4.071320739235526, 25, 4, 8.281930489997354, 17, 1, 1.417801811767081, 42, 2, 2.0009291740721293, 39, 8, 26.522795095432123, 77, 17, 45, 1.0, 
Jorge Lopez, 3, 3, 9.923744256681132, 18, 0, 35.705798637987634, 10, 1, 75.4104286185478, 28, 2, 57.31447970755946, 25, 0, 5.479601199095794, 221, 51, 31, 1.0, 
Jose A. Ferrer, 5, 6, -28.324513500236677, 32, 0, 4.716765787605651, 16, 8, -1.638844947663813, 64, 3, -8.051122129777738, 58, 11, -9.92024048533412, 184, 44, 69, 1.0, 
Jose Alvarado, 6, 1, 18.477625873904095, 23, 4, 33.025038144883176, 22, 3, -0.4465561964409517, 45, 12, -122.5872377024051, 73, 4, 9.104023326213593, 189, 44, 60, 1.0, 
Jose Berrios, 19, 7, -15.04368239589014, 58, 8, -6.139341263502061, 41, 0, 9.94693201932195, 105, 0, 22.027974765610814, 111, 11, -17.510843726191354, 754, 179, 133, 1.0, 
Jose Butto, 5, 8, -43.95247039598421, 25, 13, -144.56706192057098, 31, 1, 5.083234947161138, 45, 3, 148.11992881868656, 59, 0, 32.37977483222381, 234, 56, 63, 1.0, 
Jose Fermin, 10, 8, 6.110295663628577, 24, 4, 1.5011393061629121, 32, 10, 9.864553313443537, 26, 13, 15.854953395296263, 56, 8, 6.1545188759169065, 76, 17, 50, 1.0, 
Jose Leclerc, 4, 0, 0.315540566538564, 16, 1, 0.36804337560608524, 18, 4, 40.32223228628774, 27, 3, 8.036641003864162, 51, 0, 5.914853092209833, 119, 28, 40, 1.0, 
Jose Quintana, 15, 0, 14.121619096123439, 55, 2, 38.20968432660574, 46, 10, -20.078159168529126, 106, 0, 13.476422606479172, 98, 3, 47.94419334928051, 567, 135, 133, 1.0, 
Jose Soriano, 15, 19, -32.78373505100156, 76, 20, -25.66047306512273, 75, 12, -5.119758841270453, 135, 0, 32.691843600460835, 158, 16, -23.89204708100327, 426, 100, 169, 1.0, 
Jose Urquidy, 14, 2, 2.9927513865254483, 46, 1, 1.7837469751856758, 30, 7, 5.882063561644625, 71, 2, 2.4203756075350125, 66, 8, 27.185573717389616, 95, 22, 87, 1.0, 
Josh Hader, 8, 5, -14.884113052773074, 19, 0, 126.59462664892133, 23, 6, 12.438273385188566, 30, 10, -98.92801073228858, 93, 5, 22.414974230067557, 233, 57, 63, 1.0, 
Josh Sborz, 6, 2, 1.457638675722065, 26, 7, 15.931344994301682, 15, 9, 27.43564844920128, 30, 7, 14.024078550268989, 56, 2, 2.4551825888090155, 27, 6, 44, 1.0, 
Josh Simpson, 4, 1, 0.41480915461973655, 21, 1, 0.48524492136597086, 17, 5, 10.636112270461325, 25, 4, 8.498345486525281, 29, 9, 28.15177977736016, 75, 15, 25, 1.0, 
Josiah Gray, 19, 3, 17.638299375300562, 54, 10, 48.082046373468835, 53, 1, 12.038823965351304, 85, 0, 0.19713771769898863, 105, 6, 3.1857131838323323, 134, 30, 111, 1.0, 
Jovani Moran, 3, 4, 7.2954664501343345, 23, 6, 31.389973785058405, 28, 5, 13.404225376285847, 35, 6, 10.794926727757499, 61, 3, 23.263712319122547, 34, 8, 50, 1.0, 
Juan Mejia, 6, 2, 0.32982198456077194, 29, 0, 0.0015661885977471743, 28, 12, 7.752925356335751, 48, 7, 2.8829128051398456, 72, 7, 3.2176227993664313, 130, 30, 65, 1.0, 
Juan Morillo, 2, 3, 2.8440162477759685, 17, 4, 3.655899854351837, 19, 9, 17.278437788563195, 36, 5, 4.739879197491604, 37, 0, 0.03417948405709753, 76, 17, 35, 1.0, 
Julian Aguiar, 7, 3, 9.366949507510427, 21, 5, 20.966746880129165, 12, 2, 6.033113123423441, 23, 5, 20.179168409569716, 21, 11, 93.62993035851355, 42, 9, 32, 1.0, 
Justin Bruihl, 4, 4, 4.416345326985003, 29, 7, 10.717974533541089, 19, 6, 9.749748996880562, 47, 2, 1.2924296613835637, 39, 3, 2.9127906805755495, 15, 3, 50, 1.0, 
Justin Lawrence, 7, 3, 2.639494361146438, 36, 0, 7.576428147266377, 29, 9, 62.90131906143545, 56, 2, 20.786306587968788, 50, 3, 3.7394378378602813, 132, 29, 57, 1.0, 
Justin Slaten, 5, 2, -4.3958378412172525, 25, 1, 57.884881020328166, 15, 5, 15.501986333398165, 45, 5, -10.557554325331083, 51, 1, 18.953131598391103, 144, 35, 60, 1.0, 
Justin Steele, 7, 3, 0.7667128655944557, 30, 8, 2.1973259107607426, 23, 2, 25.348839292228924, 67, 2, 29.05800700189329, 85, 4, 2.4970806125339546, 297, 71, 84, 1.0, 
Justin Topa, 3, 8, -7.264013723512491, 27, 8, -7.438038835282484, 18, 0, 1.3373505060635953, 65, 10, 4.020405997611164, 52, 4, 38.12551441990726, 172, 40, 64, 1.0, 
Justin Verlander, 16, 0, 6.163134370681793, 62, 5, 39.17101471482481, 42, 1, 25.194188158885126, 119, 6, 55.71478930222827, 123, 4, 81.61291981353112, 598, 144, 138, 1.0, 
Justin Wilson, 5, 0, 53.61394214049674, 22, 5, 113.87363309626622, 17, 2, 35.85791260520246, 43, 0, 3.086126111515827, 52, 6, -22.665377922830288, 166, 37, 45, 1.0, 
Justin Wrobleski, 7, 0, 28.687275721482834, 28, 2, 27.42398217787938, 17, 7, 8.460759024705766, 43, 6, -28.440289237626118, 51, 0, 102.18614105856473, 173, 40, 51, 1.0, 
Kade Strowd, 3, 6, 2.7836333291069018, 12, 10, 6.764804429233905, 26, 17, 20.403961694351665, 34, 1, 0.16142164978589402, 54, 2, 0.5021144292357143, 52, 13, 58, 1.0, 
Kai-Wei Teng, 2, 2, 1.265682697197521, 21, 10, 24.05685335860602, 18, 5, 5.5442189801268, 29, 7, 10.529141997886654, 43, 1, 0.2827872537931415, 69, 14, 32, 1.0, 
Kaleb Ort, 5, 2, 10.997303264477864, 16, 3, 35.73350271997734, 15, 1, 8.570240296250228, 20, 3, -3.2763420850144627, 29, 0, 2.753840356087565, 101, 22, 28, 1.0, 
Keaton Winn, 5, 0, 2.2217581541737954, 23, 9, 43.50724943664355, 11, 4, 11.294620243631975, 28, 0, 11.010399602124448, 29, 2, 4.395335094275272, 88, 20, 34, 1.0, 
Keegan Akin, 8, 0, 25.265982226927107, 29, 3, 23.077394010514325, 27, 6, 47.84387228844875, 50, 2, 199.09678608406415, 71, 0, 135.65672203833006, 255, 61, 67, 1.0, 
Keegan Thompson, 3, 1, 3.836966338908057, 13, 3, 67.28765778031612, 19, 4, 10.112090360206047, 20, 5, 20.608316805464483, 36, 3, 96.7885552291619, 122, 28, 34, 1.0, 
Keider Montero, 10, 2, -2.5876495467244442, 30, 3, -3.917324798993416, 20, 2, 63.60925941717022, 52, 4, 9.53309179366407, 47, 1, 34.18568577455425, 320, 75, 60, 1.0, 
Kendall Graveman, 4, 0, 1.3048421212947383, 13, 4, 11.200597918556728, 17, 2, 7.453655484685209, 26, 0, 13.23502094877961, 36, 0, 2.6566971903742425, 56, 13, 36, 1.0, 
Kenley Jansen, 6, 0, 5.701812107154506, 19, 1, 17.70088552299587, 20, 3, 4.646596076479419, 34, 4, 46.85660179813401, 63, 1, 13.122661882070943, 225, 55, 59, 1.0, 
Kevin Gausman, 19, 1, 0.36090913507945, 72, 0, 3.8762870204514805, 50, 7, 9.316526429850267, 138, 9, 102.56841896388552, 181, 0, 73.07992974826458, 754, 183, 180, 1.0, 
Kevin Ginkel, 5, 7, -46.96060663745013, 36, 3, -10.668943946119597, 25, 4, 17.395138497846446, 58, 1, 26.537074246832923, 67, 14, -212.37340350748167, 197, 47, 62, 1.0, 
Kevin Kelly, 7, 2, 46.11083379762365, 21, 1, 19.01357769953553, 10, 12, -245.04584111318195, 35, 4, -8.3555476362841, 39, 1, 26.71176110418492, 224, 54, 44, 1.0, 
Kirby Yates, 8, 4, 25.03228894157793, 23, 0, 147.73200597059113, 25, 0, 84.68402480412969, 32, 10, -77.22912055808655, 74, 4, -17.473148551262426, 207, 50, 56, 1.0, 
Kodai Senga, 12, 2, 0.2930116848731579, 40, 14, 8.1971062002035, 55, 1, 50.87877032774166, 80, 6, 3.800239635768442, 117, 8, 7.912149968811093, 370, 87, 114, 1.0, 
Kody Funderburk, 5, 7, -31.107698239739506, 34, 14, -101.6780832543387, 28, 2, 72.392996402114, 65, 3, 6.303232357986129, 61, 5, -6.733765491167382, 137, 30, 63, 1.0, 
Kris Bubic, 10, 10, -13.637418048164548, 46, 18, -26.889210051637207, 41, 4, 87.88508376811752, 113, 6, 44.48897536413597, 150, 11, 3.8540898689840617, 343, 79, 140, 1.0, 
Kumar Rocker, 17, 1, 0.04444732056885692, 63, 7, 1.1134047005671874, 38, 13, 3.7129243405105896, 92, 18, 7.217002581088664, 87, 4, 0.3473898121449901, 143, 32, 101, 1.0, 
Kutter Crawford, 12, 6, 5.489538245965473, 38, 7, 3.6503514060494098, 23, 2, 0.21999279082732048, 57, 15, 14.197981218870936, 78, 1, 12.252597687352113, 270, 64, 79, 1.0, 
Kyle Bradish, 12, 3, 2.7974957660526423, 44, 0, 3.199764976461452, 49, 16, -46.41803699897696, 89, 19, -84.36710827424946, 188, 2, 38.915487243776994, 367, 89, 140, 1.0, 
Kyle Finnegan, 6, 0, 18.54952059593063, 25, 0, 7.059174445273498, 21, 3, -7.677317031265556, 48, 4, 8.756560409169197, 61, 3, -2.25750529270627, 264, 63, 63, 1.0, 
Kyle Freeland, 24, 6, 4.247209594485772, 89, 11, -18.493391908129055, 41, 14, -32.101529804687736, 164, 15, -33.33817570309653, 119, 0, 32.946604295366456, 660, 151, 162, 1.0, 
Kyle Harrison, 10, 1, 24.534910611548668, 37, 0, 138.21058250706594, 28, 1, 2.5927466913262736, 66, 2, 37.13518265816478, 80, 0, 12.240805374098596, 258, 59, 78, 1.0, 
Kyle Hart, 8, 1, 0.39815454625656344, 26, 3, 1.7235236561567007, 13, 8, 10.165958292785419, 29, 8, 9.960713709680817, 35, 0, 0.08719465233877421, 89, 21, 41, 1.0, 
Kyle Leahy, 8, 8, -8.983163001633542, 45, 3, 38.83101518051768, 33, 4, 31.52433517125808, 95, 2, 9.686186381206799, 98, 12, -24.913130367517937, 221, 54, 117, 1.0, 
Kyle Nicolas, 3, 5, -25.197164409146495, 20, 2, 1.7914077703165852, 21, 2, -4.550693659002036, 34, 4, 59.68034996376606, 39, 1, 7.371770875361757, 164, 36, 41, 1.0, 
Kyle Wright, 3, 0, 1.2705095031943028, 16, 2, 8.99111967404442, 11, 0, 1.363315568086859, 25, 0, 4.515039467741039, 26, 3, 25.725915973317512, 89, 21, 25, 1.0, 
Lance McCullers Jr., 18, 2, 0.4326762791098895, 72, 21, -4.059951439987003, 68, 15, 24.6427305046398, 96, 22, 19.79248415595768, 112, 21, 5.727378006794169, 133, 29, 104, 1.0, 
Landen Roupp, 10, 9, -5.240234918327911, 52, 17, -27.5183527533234, 55, 1, 2.9834763190832456, 108, 9, 30.9147606475912, 118, 18, -45.96714607733952, 277, 62, 121, 1.0, 
Logan Allen, 14, 2, 0.08450115443419381, 61, 2, 39.86031230299427, 44, 14, -47.68360309331865, 112, 0, 60.37266893223801, 95, 4, 3.337379973807426, 415, 95, 120, 1.0, 
Logan Gilbert, 22, 8, -6.499943306479118, 61, 10, -6.395832150046928, 38, 22, -73.01688774842884, 108, 6, -1.4497076832504163, 190, 23, -56.15284136280198, 718, 178, 165, 1.0, 
Logan Webb, 15, 15, -23.78419321782946, 75, 22, -42.56204834702548, 46, 23, -53.35459168485829, 179, 20, 14.82665763087725, 189, 22, -12.414820961745875, 833, 204, 198, 1.0, 
Lucas Erceg, 4, 5, -23.226344234587835, 22, 3, 49.626190433304664, 21, 0, 60.594726766441205, 50, 6, -26.221131877372777, 61, 0, 14.63282071528085, 233, 54, 63, 1.0, 
Lucas Giolito, 19, 4, 10.915330952720804, 60, 1, 15.931148111796166, 54, 5, 58.056075612200814, 111, 1, 2.651558558710751, 128, 15, -11.3620997344468, 491, 114, 142, 1.0, 
Luis Castillo, 22, 5, -2.36449457529858, 69, 0, 4.882552604906123, 48, 9, -11.039952570907403, 137, 4, 3.9346960087563083, 174, 14, -3.343669619464805, 720, 175, 178, 1.0, 
Luis Garcia, 4, 3, 0.16564789804181146, 24, 0, 10.549837066153176, 20, 6, 57.46131179743023, 51, 5, 71.47822814481471, 52, 2, 218.5226447605238, 215, 50, 57, 1.0, 
Luis Gil, 10, 2, -0.48996781083411634, 38, 5, -3.414395660166198, 52, 24, 81.65150214630131, 69, 9, -7.596099605196201, 88, 1, 42.342845865420955, 352, 83, 101, 1.0, 
Luis Medina, 10, 9, 6.70113924196923, 48, 1, 1.039572696603824, 41, 7, 4.726659253438301, 76, 15, 30.237874082887473, 70, 0, 32.38700527983579, 145, 32, 83, 1.0, 
Luis Morales, 17, 9, 1.3983510786777718, 39, 7, 0.9947448739422224, 40, 13, 3.0053342663604, 70, 5, 0.4400142779337184, 102, 10, 1.745141189657435, 99, 24, 113, 1.0, 
Luis Peralta, 9, 5, 7.34856332386282, 31, 8, 18.697400528071796, 27, 16, 66.41634797378401, 32, 1, 0.726665622361665, 26, 5, 6.296362602132561, 50, 9, 30, 1.0, 
Luis Severino, 22, 0, 19.557595967002015, 88, 2, 2.424406889524648, 56, 2, 1.5959226468513306, 152, 14, -26.026633378116593, 147, 0, 96.39131204333792, 572, 133, 175, 1.0, 
Luke Jackson, 5, 4, 1.0989329512401582, 23, 5, 24.37657865379275, 23, 7, -85.75914328855458, 36, 5, -32.07430698785768, 45, 1, 79.7386126353282, 185, 42, 47, 1.0, 
Luke Weaver, 9, 3, 29.758386034104753, 30, 3, 33.00141128242461, 22, 2, 33.393358810802916, 46, 9, 114.31490746521621, 76, 0, 94.91690034547915, 332, 76, 68, 1.0, 
MacKenzie Gore, 19, 0, 16.596542306816854, 76, 10, 25.389556912483357, 68, 13, -13.476478991601716, 137, 10, 13.577293641713602, 183, 13, 74.9062417759158, 575, 132, 161, 1.0, 
Marcus Stroman, 12, 2, -1.8752128933963057, 53, 3, 0.9136265004696345, 34, 6, -3.1429645548202743, 86, 8, 6.945889041383651, 67, 4, 19.3994049271991, 498, 116, 91, 1.0, 
Mark Leiter Jr., 7, 0, 6.6625218032738225, 32, 0, 8.190499215759107, 24, 5, 7.533757113795247, 57, 6, 11.255727943960153, 78, 8, -33.68816691514857, 256, 59, 64, 1.0, 
Martin Perez, 5, 0, 7.305079912716423, 20, 0, 3.0667411532682562, 16, 4, -44.211603471194024, 36, 5, 13.217238130022963, 35, 1, 17.786214913982636, 561, 132, 46, 1.0, 
Mason Black, 8, 1, 0.5754339591905796, 32, 0, 0.06928690123011094, 18, 2, 1.5664765135370204, 49, 0, 0.26162654187673656, 37, 10, 35.56807463142797, 50, 10, 45, 1.0, 
Mason Englert, 7, 0, 13.793941279495233, 28, 3, 5.121531741901009, 16, 3, 1.2658279641974843, 54, 5, -1.3027500210251368, 57, 0, 0.2726253174205552, 137, 31, 61, 1.0, 
Mason Fluharty, 4, 0, 0.040159174232185235, 20, 3, 1.4766456630275897, 19, 4, 2.7366883985675443, 24, 6, 5.201089878035539, 44, 2, 0.8055504548317973, 107, 26, 41, 1.0, 
Mason Miller, 5, 1, 4.291584948307401, 19, 0, 0.681933139335519, 27, 2, 38.22902367046852, 30, 11, -68.23195731030827, 100, 21, -337.3653797739262, 192, 49, 64, 1.0, 
Mason Montgomery, 7, 1, 0.06669997685501805, 37, 12, 8.543642974864994, 34, 10, 6.056636044873329, 55, 14, 12.04769170755418, 83, 5, 1.6639097114279728, 104, 23, 61, 1.0, 
Matt Brash, 4, 2, 3.174808731729394, 19, 5, 9.064169703539925, 24, 5, 29.50239440566427, 48, 9, -27.42725588633327, 78, 5, 46.837311366190605, 170, 39, 61, 1.0, 
Matt Festa, 5, 2, 11.376659278799657, 26, 5, 4.34327730320318, 17, 1, 1.3905993510507442, 43, 6, -1.6054873278190058, 62, 3, 1.847236975641163, 126, 30, 59, 1.0, 
Matt Strahm, 5, 1, 2.4184013932635686, 19, 2, 42.37034056542456, 18, 3, 46.177372850848975, 42, 4, 55.85332903478906, 78, 0, 51.39952125591112, 259, 63, 65, 1.0, 
Matt Svanson, 3, 4, 1.246059422672925, 15, 10, 5.749404011694068, 21, 2, 0.25023988032610456, 35, 17, 15.010770263773594, 75, 5, 1.833148796117058, 117, 30, 65, 1.0, 
Matthew Boyd, 18, 0, 1.2262540372638628, 61, 4, 6.8379825851973495, 46, 9, 8.403900541488724, 121, 4, 34.79788368485927, 157, 10, 29.459244781694302, 367, 89, 161, 1.0, 
Matthew Liberatore, 18, 1, 4.723983753225461, 74, 1, 44.94424660239924, 46, 2, 43.22627172667147, 134, 3, 6.804856638829092, 121, 3, 71.49559056547703, 360, 83, 147, 1.0, 
Max Fried, 14, 10, -14.170693156881963, 61, 23, -63.99775778500245, 50, 7, 15.45783069437882, 141, 10, -11.10670971903151, 176, 3, 8.433063980452829, 639, 157, 181, 1.0, 
Max Lazar, 6, 2, 0.7400558875507937, 20, 1, 0.24531496205787517, 11, 0, 0.062482168137534155, 32, 7, 8.95203478341655, 24, 5, 5.403110793651045, 85, 20, 38, 1.0, 
Max Meyer, 25, 10, -14.726405326267852, 71, 0, 9.52887588548993, 42, 18, -42.492115716931835, 114, 0, 5.6338064525048175, 122, 3, 1.3748934849224836, 213, 48, 126, 1.0, 
Max Scherzer, 19, 13, -50.5419292088976, 52, 16, -35.774102295190175, 29, 7, -7.7976584201868135, 84, 4, -3.465188099934707, 110, 5, -5.967750353213184, 430, 106, 110, 1.0, 
McCade Brown, 7, 2, 0.9520783612699866, 26, 1, 0.32872958499052674, 20, 4, 4.23615277949969, 30, 6, 9.555873564881637, 29, 1, 0.8700402458564831, 63, 12, 31, 1.0, 
Merrill Kelly, 21, 4, -1.4504678737538672, 68, 3, 15.259061453427304, 48, 5, 15.921797798056158, 127, 12, -1.4018733869048958, 156, 8, 89.22643368098223, 643, 158, 170, 1.0, 
Michael Kelly, 6, 1, 8.53631521673716, 20, 5, -6.002511686181428, 24, 10, 1.9626343253005984, 44, 3, 22.02195854219113, 44, 2, -1.8109779497535836, 117, 28, 60, 1.0, 
Michael King, 19, 5, 7.0172306166496785, 55, 4, 1.2017864785572652, 53, 10, -13.988008249805485, 112, 9, 90.12776141709051, 176, 7, 13.838767965364077, 416, 100, 158, 1.0, 
Michael Kopech, 5, 3, 7.497468111437904, 17, 5, 28.75706234317316, 21, 5, 32.31227046470622, 23, 1, 4.395302091525318, 48, 5, 24.991907278066336, 227, 52, 40, 1.0, 
Michael Lorenzen, 20, 7, 4.691994836550101, 64, 10, 41.53107916403851, 48, 7, 59.99131530755648, 111, 2, 92.46471127570136, 119, 10, -5.76340061368407, 544, 130, 142, 1.0, 
Michael McGreevy, 17, 1, 0.016457486285633927, 70, 4, 0.18777438425899007, 32, 19, 4.320872751998266, 131, 7, 0.6775218520105089, 89, 26, 8.100464362382766, 200, 47, 140, 1.0, 
Michael Soroka, 16, 6, -4.53277350619933, 55, 15, -74.02921814959828, 43, 1, 11.687248274462103, 75, 11, 14.012407387165268, 109, 9, -23.310847374687526, 270, 62, 106, 1.0, 
Michael Tonkin, 3, 0, 9.357678014638022, 16, 5, -22.786876345618765, 11, 1, 0.258145399757737, 25, 1, 12.359575667366478, 30, 2, -2.6349496401210146, 238, 56, 34, 1.0, 
Michael Wacha, 17, 3, 0.4722149755268408, 66, 0, 18.04786224254984, 46, 8, -4.561520787208337, 137, 10, 38.08628511878044, 136, 12, 2.2089966110549, 617, 149, 167, 1.0, 
Mick Abel, 15, 8, 2.5113607191918383, 54, 16, 9.426419657913726, 33, 1, 0.04866822805308024, 74, 7, 1.8432458230555788, 82, 7, 2.0425828533176436, 87, 19, 81, 1.0, 
Miguel Castro, 2, 0, 3.195051945461947, 12, 0, 12.053579426020242, 11, 2, 42.39876390055216, 19, 1, 6.690698807290325, 25, 2, 11.863728695147696, 39, 9, 26, 1.0, 
Mike Burrows, 16, 4, 0.2621861878476097, 55, 5, 0.4134529088665042, 41, 4, 0.30805050677764445, 101, 5, 0.4628314517066352, 129, 5, 0.3791938919623563, 201, 48, 129, 1.0, 
Miles Mikolas, 22, 7, -5.480859899786587, 75, 8, -2.3910440584161243, 31, 21, -88.62509070315491, 131, 5, 16.40667362570855, 97, 13, -24.421133601394956, 763, 182, 141, 1.0, 
Mitch Keller, 21, 1, 2.3992613326914656, 79, 15, -16.955050651124267, 51, 3, 5.41557376281548, 150, 16, -29.329844680429133, 157, 14, 28.2105049645277, 758, 176, 175, 1.0, 
Mitchell Parker, 10, 1, -0.644439196344456, 42, 11, -40.43167697120269, 24, 2, 6.034448648773354, 69, 1, 31.15489351214506, 56, 12, -52.216769754922524, 548, 126, 75, 1.0, 
Nate Pearson, 8, 3, 2.346745307158759, 26, 0, 27.431422619193924, 19, 6, 9.658259503777401, 41, 6, 28.674930757337698, 55, 2, 6.639288407320633, 100, 23, 51, 1.0, 
Nathan Eovaldi, 17, 1, 14.44012411161085, 51, 12, 20.53779651434737, 37, 21, -37.175595909257964, 111, 5, 35.224811706766104, 158, 1, 17.694744872233333, 557, 138, 163, 1.0, 
Nick Lodolo, 21, 8, 16.906458981835133, 68, 6, 84.14747464075822, 41, 14, -1.6691476917355885, 121, 5, 99.80900573364016, 161, 15, 74.86143844322942, 435, 102, 150, 1.0, 
Nick Martinez, 16, 0, 4.551273025749493, 60, 7, 52.00644520860028, 36, 14, 51.254289584705845, 114, 6, 3.3126096580956386, 112, 4, 30.56264624195218, 540, 130, 142, 1.0, 
Nick Mears, 7, 0, -0.18640700144303524, 28, 10, -44.5367019901868, 19, 5, -17.426355373404505, 44, 7, 11.755646585313627, 62, 7, 8.239889061190382, 190, 45, 61, 1.0, 
Nick Pivetta, 24, 11, -1.687766000064606, 64, 18, -8.063449404849948, 49, 4, 24.179002514110927, 109, 0, 6.811648172010557, 189, 15, -3.909141542199805, 669, 161, 171, 1.0, 
Nick Sandlin, 6, 3, 21.982870357899092, 14, 0, 52.07880203862181, 16, 0, 31.043786484875177, 20, 5, 12.197247875943596, 40, 6, 54.88196350587016, 110, 26, 36, 1.0, 
Noah Cameron, 18, 3, 0.14955109289507784, 48, 5, 0.31308999335572274, 45, 3, 0.12062660892128374, 94, 14, 2.1882284154949545, 124, 27, 7.890314192167423, 278, 69, 146, 1.0, 
Nolan McLean, 13, 3, 0.13690579123487834, 37, 21, 4.454585104759779, 49, 5, 0.26278533617660127, 95, 10, 1.132685997824158, 178, 1, 0.010438316215176019, 94, 24, 150, 1.0, 
Orion Kerkering, 5, 3, 1.9935848473335085, 21, 5, -10.885875430541343, 23, 7, 55.79706928988941, 50, 4, 14.72244932148483, 70, 5, 17.39106764190474, 209, 49, 64, 1.0, 
Orlando Ribalta, 6, 2, 1.4845904015139695, 23, 3, 2.487605697740168, 19, 5, 7.539532040187964, 27, 7, 15.790898607575286, 29, 3, 3.4256523401815713, 60, 12, 28, 1.0, 
PJ Poulin, 5, 3, 0.8494916120482721, 24, 2, 0.46234256863948886, 31, 0, 0.005574029289625845, 48, 16, 18.181490790725462, 64, 7, 3.443611864120683, 55, 12, 58, 1.0, 
Pablo Lopez, 17, 1, 9.87186486171263, 62, 6, 67.64838184615527, 43, 11, -16.507109222673733, 130, 0, 33.48887900685691, 169, 5, 19.503314218530495, 655, 158, 164, 1.0, 
Parker Messick, 12, 1, 0.05443489778777155, 38, 18, 5.248399071771949, 21, 25, 10.486017471286672, 121, 46, 33.63989017642274, 115, 2, 0.09028587082919803, 82, 19, 119, 1.0, 
Patrick Corbin, 19, 2, 1.4856350757893613, 74, 5, 38.09882930056123, 43, 2, 4.497851388131458, 132, 1, 59.90563939625975, 107, 15, -24.063744249141976, 732, 165, 135, 1.0, 
Patrick Sandoval, 7, 5, 6.099476452224607, 37, 4, 27.200375876679438, 32, 6, 4.850439915713228, 68, 5, 11.26374060732011, 71, 1, 9.495697788211235, 273, 61, 72, 1.0, 
Paul Blackburn, 10, 0, 6.747865117847393, 41, 1, 12.796161512390865, 22, 4, -7.986088706978009, 67, 4, 33.283855056759045, 57, 9, -11.619816205131485, 355, 82, 68, 1.0, 
Paul Sewald, 7, 3, 0.8962841485810902, 21, 4, 7.011691569866855, 15, 2, 0.9931154636688291, 34, 4, 69.69816410880513, 59, 5, 64.55015694237603, 109, 27, 51, 1.0, 
Paul Skenes, 13, 9, -5.011627185899988, 44, 29, -50.75766290115175, 46, 22, -28.794811153174805, 122, 5, 1.4303076584284575, 224, 2, 35.18373169270974, 498, 128, 186, 1.0, 
Pedro Avila, 3, 1, 3.6445962594620154, 14, 0, 11.6421585085745, 15, 4, 42.301755993164235, 27, 1, 23.107255254813488, 35, 1, 1.6686565067806498, 123, 28, 34, 1.0, 
Pete Fairbanks, 6, 0, 1.3816194067561456, 21, 0, 0.7534145070144554, 21, 2, 6.136835727711222, 40, 1, 44.466759601390514, 65, 2, 3.551004152872631, 190, 46, 62, 1.0, 
Phil Maton, 5, 1, 4.660366379744739, 22, 4, -3.543337836911995, 24, 1, 45.74312690942947, 41, 6, -15.5891559731283, 77, 6, -31.891398081204144, 267, 64, 65, 1.0, 
Pierce Johnson, 7, 1, 2.531716257491887, 24, 6, -41.37835283474618, 23, 0, 6.871024764419269, 47, 3, 14.418601141767567, 69, 0, 79.74976319927242, 232, 54, 61, 1.0, 
Porter Hodge, 8, 5, 58.2366287431561, 24, 6, 141.04488611818786, 24, 3, -4.331172129919157, 31, 4, 12.837875221773544, 61, 10, -63.270758986423914, 124, 30, 49, 1.0, 
Quinn Priester, 22, 2, 4.368469785862116, 79, 2, 29.68825281484335, 54, 4, 32.233540006075216, 143, 1, 58.49909467740033, 124, 5, 46.25579014219321, 343, 79, 162, 1.0, 
Rafael Montero, 5, 0, 14.22205783165354, 18, 0, 38.273358666719616, 19, 3, -35.59836752343511, 26, 3, -35.021574323740936, 34, 5, 51.40782684526235, 246, 58, 38, 1.0, 
Raisel Iglesias, 6, 0, 14.424036357326381, 20, 1, 34.35766692846383, 16, 7, -58.38209061329495, 41, 3, 46.95569574095414, 73, 3, 52.961433646688846, 250, 63, 67, 1.0, 
Randy Vasquez, 16, 0, -0.03253685430007214, 58, 2, 31.63672287407186, 48, 6, 21.348652399692753, 114, 12, -8.990108838367249, 88, 28, -162.62776626734524, 361, 83, 131, 1.0, 
Ranger Suarez, 16, 5, -5.146685315644229, 64, 10, -11.033956534179218, 47, 8, 0.6410448896088639, 143, 12, -7.032819106086087, 158, 6, 14.040211142107784, 619, 146, 165, 1.0, 
Reid Detmers, 18, 1, 21.482850085193878, 74, 4, 147.65814150475782, 57, 5, 33.84301750239439, 118, 2, 46.23037466592955, 169, 8, 115.48105938767333, 460, 106, 139, 1.0, 
Reynaldo Lopez, 10, 5, 5.982902525723787, 38, 21, 7.479277776646896, 45, 1, 16.281299601420194, 92, 2, 43.3933211357387, 147, 14, 8.3853498329408, 179, 44, 130, 1.0, 
Rhett Lowder, 1, 12, 22.079161182140425, 13, 28, 110.84008299878798, 31, 16, 38.83296414943127, 59, 5, 4.664337106399636, 53, 3, 1.4310469107576296, 38, 9, 72, 1.0, 
Richard Fitts, 23, 9, 2.0044712629311654, 57, 5, 0.676150161668823, 38, 13, 3.9986837177423737, 75, 16, 5.4598759595600015, 90, 6, 0.8649948611189462, 97, 22, 102, 1.0, 
Richard Lovelady, 4, 3, 3.1666122302789668, 22, 1, 0.34999244374575283, 14, 1, 0.6217820802244175, 42, 3, 4.483026062461915, 34, 1, 1.0955933481759188, 44, 10, 45, 1.0, 
Riley O'Brien, 3, 6, 2.5394147679365524, 15, 7, 3.1022816841961216, 27, 15, 13.172185870487908, 40, 5, 1.4077914452136646, 59, 1, 0.09456872186534926, 99, 24, 63, 1.0, 
Roansy Contreras, 5, 0, 1.5084984619332262, 18, 1, 71.03235375652069, 15, 1, 7.705607309875309, 27, 0, 40.069789897118575, 28, 1, 2.6040763478389097, 168, 38, 33, 1.0, 
Robbie Ray, 24, 10, 19.066472623923556, 74, 17, 144.9006757613409, 74, 13, 82.56870975874978, 105, 3, 18.11225056813541, 200, 3, 1.844172152811785, 481, 116, 170, 1.0, 
Robert Garcia, 6, 1, 8.175690659686335, 25, 5, -10.738858828985606, 21, 3, 159.807377219053, 51, 0, 44.064923320004986, 71, 3, 26.016618590620748, 200, 48, 64, 1.0, 
Robert Stephenson, 8, 4, 5.212437139353048, 24, 4, 4.159936598702201, 17, 11, 28.41594787822713, 35, 7, 15.613535562188748, 74, 0, 15.237820199171157, 44, 11, 57, 1.0, 
Robert Suarez, 7, 1, 3.6778467327567292, 22, 3, 28.487377225035132, 18, 3, 13.012104283329172, 40, 0, 92.46231733138895, 68, 3, 111.04271700122835, 206, 52, 68, 1.0, 
Roddery Munoz, 14, 10, 30.17068712453686, 34, 10, 31.203893022428645, 24, 4, 7.151676566546943, 38, 3, 4.011526719192578, 42, 0, 0.03104892937311851, 113, 24, 49, 1.0, 
Roki Sasaki, 20, 2, 0.1098662724968189, 61, 16, 4.3843700458624895, 68, 29, 13.466157735395143, 82, 27, 11.359720418144406, 94, 12, 2.5581199731913458, 80, 18, 119, 1.0, 
Ron Marinaccio, 4, 0, 1.455434637709995, 15, 1, 3.201469453831859, 22, 4, 10.514250086393373, 23, 4, 7.646222190828232, 50, 2, 57.85191727855098, 38, 9, 41, 1.0, 
Ryan Bergert, 7, 1, 0.17610411532245718, 26, 3, 0.65759513936072, 30, 7, 2.725539651418586, 44, 1, 0.19194127827707597, 62, 7, 2.6827349099382722, 161, 38, 64, 1.0, 
Ryan Brasier, 3, 2, -5.2077230415389195, 18, 1, 16.786508149724526, 9, 6, -70.1382324857457, 34, 2, 8.189391086303097, 35, 0, 19.61033941418662, 179, 43, 41, 1.0, 
Ryan Feltner, 13, 3, 24.124290206725966, 57, 2, 67.92521380868004, 40, 8, 0.1428697690000007, 98, 4, 19.045641979124184, 86, 11, -9.317584240745148, 364, 83, 104, 1.0, 
Ryan Fernandez, 6, 1, 8.774869252345852, 30, 1, 5.930926468637385, 23, 3, -11.839867627388944, 41, 0, 124.46052407177947, 48, 8, -29.242977485488126, 170, 38, 44, 1.0, 
Ryan Gusto, 8, 2, 0.5703603907051003, 31, 5, 3.0019992135537024, 18, 3, 0.9941189733117657, 48, 0, 3.5830914752057455e-05, 49, 7, 5.550818047288921, 226, 50, 50, 1.0, 
Ryan Helsley, 6, 1, 8.68041999903955, 24, 6, -34.544611337275896, 26, 3, 9.6758134805544, 50, 0, 41.655007445374125, 77, 3, -3.3873011349202606, 225, 55, 64, 1.0, 
Ryan Pepiot, 23, 10, -16.118902506434925, 63, 17, 9.867339405876834, 58, 11, 87.03971504412148, 103, 0, 53.02410199105979, 171, 0, 68.31589415910581, 384, 93, 166, 1.0, 
Ryan Thompson, 6, 2, -3.8686819041674383, 26, 1, 7.490544946370909, 18, 2, 18.598725272507867, 53, 6, 104.13987342613409, 53, 5, 8.932857289923561, 187, 44, 63, 1.0, 
Ryan Walker, 5, 3, -5.834152647285187, 23, 2, 75.38221312239061, 18, 3, 5.1431314747815335, 50, 3, 102.85441368057572, 70, 0, 7.884897461072026, 259, 62, 64, 1.0, 
Ryan Weathers, 19, 8, -11.03504498404753, 57, 3, 0.6650532844682449, 39, 3, 19.316943634653974, 99, 7, -2.6644016197938747, 113, 3, 7.811456652410139, 244, 56, 122, 1.0, 
Ryan Yarbrough, 10, 4, 0.4708066201099044, 29, 3, 31.856597765489308, 19, 2, 24.919566550524387, 48, 9, -49.336476575863486, 50, 2, 83.05020986745807, 348, 82, 65, 1.0, 
Ryne Nelson, 19, 0, 3.0726336158414873, 70, 2, 14.78751381959201, 43, 11, -7.460805305065193, 130, 14, -23.35081265533342, 129, 18, -7.48199511192135, 579, 138, 160, 1.0, 
Ryne Stanek, 7, 0, 8.185930480767858, 31, 1, 39.36067735452358, 29, 7, 110.07786487631606, 47, 5, -28.378687374923352, 65, 4, -11.699033489223446, 233, 53, 59, 1.0, 
Sam Hentges, 2, 5, 11.079686682790456, 18, 9, 27.048849529225105, 16, 2, 3.5744478452242365, 42, 0, 3.6899870538705635, 54, 0, 0.9877946763354724, 46, 11, 49, 1.0, 
Sam Moll, 3, 2, 6.218583154365632, 13, 0, 46.92244845111989, 16, 1, 22.693816826559324, 25, 2, 5.338475330211104, 39, 3, 2.8735831849262397, 101, 23, 38, 1.0, 
Sandy Alcantara, 22, 11, -0.14975640416804126, 95, 2, 9.063065521438393, 57, 27, -18.580923405399616, 143, 6, 7.764612688769407, 147, 4, 11.29274441253396, 558, 136, 178, 1.0, 
Scott Alexander, 2, 2, 6.25703113815813, 11, 3, 19.011541383517653, 10, 1, 28.746245069857075, 26, 0, 37.113676346733364, 23, 0, 23.707951654091747, 79, 18, 31, 1.0, 
Scott Barlow, 6, 1, 2.3849581950302303, 25, 0, 10.774004865377826, 31, 7, -65.79535401478518, 37, 4, 0.7183286261648405, 64, 0, 92.22719328693111, 283, 66, 56, 1.0, 
Sean Burke, 22, 9, 1.1298834529991684, 64, 5, 0.34046577248428367, 67, 13, 2.0458585932359554, 108, 26, 8.239554733849516, 139, 8, 0.8306013425302687, 298, 67, 139, 1.0, 
Sean Manaea, 20, 8, -5.653765421296548, 64, 15, -66.9858808833833, 36, 14, 134.07452432039747, 95, 13, 25.360641883438518, 139, 23, -113.21857460166038, 542, 129, 125, 1.0, 
Seranthony Dominguez, 7, 1, 47.301853811855715, 26, 1, 234.95104194472626, 29, 8, -77.16436918310312, 43, 7, 21.99239206246685, 77, 2, -7.578267307799241, 236, 55, 64, 1.0, 
Seth Halvorsen, 10, 0, 0.0030571749302476595, 34, 2, 0.48397634829801994, 31, 8, 4.09519411982631, 52, 4, 1.3281230469887273, 55, 6, 2.5229128149298212, 86, 19, 61, 1.0, 
Seth Lugo, 21, 6, 17.182624738121284, 65, 2, 47.940629960378764, 49, 1, 48.37261065213926, 122, 7, -6.124940729066328, 142, 5, 101.01651695017293, 580, 140, 160, 1.0, 
Shane Baz, 21, 4, 0.24713596757007394, 73, 0, 4.824536140840862, 56, 0, 12.812450097523682, 116, 23, 9.597391567530678, 155, 6, 13.449008499651615, 332, 78, 155, 1.0, 
Shane Bieber, 18, 10, 8.7616807417958, 44, 10, 16.88453210915818, 24, 18, -20.336443135013525, 80, 8, 2.853870203519577, 106, 0, 14.433289224447602, 346, 85, 116, 1.0, 
Shane McClanahan, 15, 3, 0.44065979637103087, 44, 8, 2.805458203309054, 40, 1, 11.069496547822087, 87, 20, 17.984467782059923, 140, 7, 6.943862240055059, 111, 28, 129, 1.0, 
Shane Smith, 18, 1, 0.028484101797475625, 67, 4, 0.18584240541943142, 67, 32, 9.341242358523672, 107, 1, 0.029023703998642902, 158, 9, 0.8034024195184415, 308, 73, 158, 1.0, 
Shawn Armstrong, 5, 4, -20.615820721423553, 24, 5, -6.452441783867329, 21, 4, -4.363269454556782, 49, 1, 135.07396662403934, 69, 1, 37.1230568088079, 263, 63, 69, 1.0, 
Shohei Ohtani, 9, 3, 8.093368006652, 37, 0, 8.76665764246819, 30, 16, -3.427641254419541, 82, 13, 19.63844535102116, 151, 12, 96.58596568558879, 321, 80, 116, 1.0, 
Shota Imanaga, 27, 18, -21.33466223638925, 56, 16, -5.069728188758987, 30, 28, -68.23219286356775, 95, 10, 17.936338229059462, 137, 15, 65.48267097714084, 504, 126, 152, 1.0, 
Simeon Woods Richardson, 16, 3, -0.9806934249595045, 53, 4, 2.8911286282665802, 48, 9, 63.937511056265606, 88, 4, -0.8698160729651878, 112, 14, -28.60696287668172, 416, 97, 118, 1.0, 
Slade Cecconi, 26, 10, -14.376925431267747, 83, 10, 6.003652351799232, 36, 25, -74.48208975757407, 129, 12, 2.9004265366656696, 121, 17, -30.482034119133417, 308, 73, 151, 1.0, 
Sonny Gray, 20, 2, 12.162684698626496, 72, 12, 35.650291689605005, 42, 17, -30.10273774579538, 139, 12, -1.7447151432764585, 190, 19, -21.34390916854153, 666, 162, 172, 1.0, 
Spencer Arrighetti, 13, 0, 2.9330841217654604, 47, 0, -0.11313688566423713, 43, 8, 33.065810005579436, 63, 8, 41.321040290875445, 85, 3, 61.745972520519274, 315, 72, 85, 1.0, 
Spencer Bivens, 8, 1, 37.64904247318195, 29, 6, -13.213340069553801, 20, 2, 14.109884834605246, 63, 0, 1.3524827993057138, 53, 1, -0.7844340975459001, 218, 51, 71, 1.0, 
Spencer Schwellenbach, 9, 0, -0.023950437451943835, 29, 1, 11.507769359452517, 16, 15, -70.38342198183926, 59, 4, 54.158964235344094, 83, 4, -5.107715060298274, 373, 93, 84, 1.0, 
Spencer Strider, 21, 4, 1.9315151517334757, 72, 3, 48.72595162205257, 60, 5, 20.789371423381, 122, 14, 87.85460131817307, 183, 3, 20.345506086381377, 427, 103, 155, 1.0, 
Spencer Turnbull, 5, 0, 0.19097855013402842, 19, 1, 9.676356897841888, 16, 5, 8.062567190644483, 30, 2, 3.0036907150082, 41, 6, 15.56657652398303, 78, 18, 43, 1.0, 
Stephen Kolek, 7, 6, -7.648054162414468, 38, 6, 33.83524462497152, 22, 8, -2.2179697851834277, 75, 5, 3.623824564987771, 59, 0, 95.40772639589295, 268, 63, 80, 1.0, 
Steven Cruz, 4, 0, 0.012895534236158995, 18, 1, 0.40966584284290164, 16, 5, 3.871005768499465, 30, 5, 3.932058618609986, 36, 5, 3.4170549459110546, 94, 22, 43, 1.0, 
Steven Matz, 15, 0, 4.01106853437784, 55, 0, 27.103850841787406, 31, 16, 44.84596975097472, 111, 8, 17.71714992965463, 102, 1, 7.19821210556028, 288, 68, 126, 1.0, 
Steven Okert, 7, 0, 5.753881176407859, 27, 0, 4.2357359296524395, 23, 2, 14.345162208677941, 43, 5, 58.938658562720214, 72, 0, 70.86367791412255, 226, 53, 64, 1.0, 
Steven Wilson, 7, 3, 5.204404604196121, 23, 3, 102.26700917642488, 26, 9, -72.03875274114569, 36, 4, -15.686979936878366, 51, 2, 8.593919508448856, 209, 48, 52, 1.0, 
Taijuan Walker, 21, 7, 20.849112598044364, 64, 3, 42.64949025308815, 42, 5, 2.58874059247643, 105, 10, -22.515103536354914, 82, 4, 6.19431064384929, 575, 133, 114, 1.0, 
Taj Bradley, 18, 1, 42.08681570517443, 64, 8, 56.82740542347261, 46, 5, 16.05660345348934, 93, 0, 14.920536952114396, 123, 1, 40.81958790901653, 509, 119, 121, 1.0, 
Tanner Banks, 7, 0, 8.858285483580833, 24, 4, -13.120422141421464, 16, 4, 48.00802811139485, 47, 7, -61.159512850625745, 59, 1, 50.80982355813056, 262, 63, 63, 1.0, 
Tanner Bibee, 23, 5, 0.733733743438215, 75, 4, 30.974307097023395, 51, 3, 4.714033385978513, 138, 11, -10.584751773622887, 173, 4, 81.89413385797342, 637, 154, 178, 1.0, 
Tanner Gordon, 15, 6, -6.444479816035049, 53, 7, 130.17011833616004, 16, 18, -138.72103843237534, 76, 4, 78.37211844412836, 53, 9, -28.158746746242457, 198, 43, 67, 1.0, 
Tanner Scott, 7, 1, 56.12633827192144, 25, 0, 151.23494127752198, 24, 8, 35.26585835612272, 45, 5, -23.7707804426107, 73, 5, 11.326005285486346, 282, 67, 64, 1.0, 
Tarik Skubal, 16, 5, -1.2554515122976504, 55, 17, -28.25721546834646, 40, 37, -158.83653822540447, 129, 7, -1.963464475582418, 234, 9, -0.6266458396849259, 572, 146, 195, 1.0, 
Tayler Saucedo, 2, 2, 3.681221360086729, 12, 0, 0.2967134589676712, 13, 8, 35.335977138929394, 25, 1, 0.7064149189534952, 30, 0, 7.9893905768591305, 80, 18, 31, 1.0, 
Taylor Clarke, 8, 3, -0.9025822342151919, 24, 5, -5.917700594199701, 13, 9, -2.914718928329094, 39, 1, 19.803027515471673, 52, 9, 29.470854641082923, 157, 38, 59, 1.0, 
Taylor Rogers, 7, 1, -0.5912452218886948, 22, 5, -25.57168488848685, 25, 2, 51.65504910710835, 45, 6, 37.06112670315845, 66, 3, 40.89049085241395, 240, 56, 60, 1.0, 
Tim Herrin, 5, 2, 5.0402051127121545, 23, 2, 79.97775458749362, 28, 10, -101.80456150261293, 37, 2, 18.687054881501112, 56, 5, -20.31799050740316, 177, 41, 52, 1.0, 
Tim Hill, 6, 3, 15.653921022118006, 27, 8, -60.37887335287887, 18, 5, -18.8383605956677, 61, 4, 71.90407191677349, 38, 21, -451.6071274923527, 240, 56, 66, 1.0, 
Tim Mayza, 3, 2, 8.203483748674614, 15, 3, 59.14905330449812, 9, 1, 1.0359796617154826, 28, 2, 21.16143711362286, 22, 1, 6.334698085170879, 100, 23, 28, 1.0, 
Tobias Myers, 6, 1, 4.947942191279818, 22, 8, -42.42345542343621, 16, 1, 1.196634674104688, 51, 0, 4.428223496255413, 46, 0, 15.222438602941779, 315, 75, 56, 1.0, 
Tommy Kahnle, 6, 1, 12.60650040949562, 21, 6, -51.74038178643117, 24, 7, -41.18750969136414, 34, 9, -105.01996645827936, 50, 4, -17.646509795548937, 189, 45, 52, 1.0, 
Tommy Nance, 1, 8, 5.763543796981381, 16, 13, 13.18192923991404, 15, 5, 3.860680357082302, 46, 0, 18.511195058968212, 59, 3, 0.4421160966678901, 91, 21, 56, 1.0, 
Tomoyuki Sugano, 23, 14, 3.065139907810405, 62, 0, 0.00397235595181937, 29, 13, 2.721020264406498, 109, 12, 2.409515760441735, 83, 11, 1.888141529986779, 337, 78, 121, 1.0, 
Tony Santillan, 7, 0, 8.748927697130439, 20, 0, 13.105453919277911, 24, 1, 117.23760259490612, 41, 3, -4.912653661431262, 83, 8, -31.01433160898908, 169, 41, 69, 1.0, 
Trent Thornton, 4, 0, 1.0985417106388145, 13, 0, 43.88034863271704, 8, 0, 33.54324060679412, 24, 3, -27.077265518287945, 25, 2, -16.165515353017938, 197, 47, 30, 1.0, 
Trevor Megill, 5, 3, -8.330921978727599, 21, 4, -12.761690603420003, 22, 0, 41.228200128368655, 47, 2, 50.027192724140406, 79, 3, 122.01993774355904, 179, 43, 65, 1.0, 
Trevor Rogers, 13, 8, -4.479446638570256, 55, 10, 41.90625245693659, 50, 8, 65.29996971297504, 115, 3, 7.9982193771212415, 135, 1, 12.007484292272439, 423, 98, 151, 1.0, 
Trevor Williams, 4, 1, 11.191904031211326, 18, 3, -25.41876559464687, 9, 3, -26.498717328516335, 33, 3, 19.558647995391667, 28, 1, 42.84916321055541, 416, 95, 34, 1.0, 
Tyler Alexander, 9, 1, 37.19406565472808, 37, 5, -23.205242130338185, 18, 5, 26.250635287221044, 63, 2, 85.51834976674701, 57, 7, -9.850223397641088, 371, 87, 68, 1.0, 
Tyler Anderson, 19, 1, 6.279802140305042, 58, 7, 24.194200838471247, 48, 1, 49.68969827880305, 94, 2, 13.60886777139098, 94, 5, 26.297882850237425, 675, 158, 120, 1.0, 
Tyler Ferguson, 3, 2, -5.743536414819037, 20, 5, -28.08117345900346, 23, 6, -13.084235091314198, 28, 3, 21.939236615775606, 46, 3, 20.44602413573186, 181, 43, 44, 1.0, 
Tyler Gilbert, 3, 0, 15.74126770588794, 13, 0, 32.2029816017702, 14, 2, 0.5272592804043121, 21, 0, 1.947839855723611, 29, 3, 5.13452845486227, 102, 24, 31, 1.0, 
Tyler Glasnow, 14, 2, -0.9659356978709037, 47, 9, -14.693985334937555, 48, 14, 74.1035032480861, 76, 23, -82.14216167891365, 161, 6, 33.23042253211392, 425, 106, 132, 1.0, 
Tyler Holton, 9, 2, 26.388329574310497, 23, 2, 16.397824668280574, 15, 10, -77.2179245143922, 43, 10, -59.03958222501123, 59, 2, 88.76178357206945, 306, 79, 71, 1.0, 
Tyler Kinley, 7, 1, 13.564226942098207, 33, 4, 29.439903233427593, 30, 0, 84.57634485868148, 45, 7, 21.092649282330285, 67, 0, 15.232606647476892, 237, 54, 63, 1.0, 
Tyler Mahle, 12, 4, 31.4072066074491, 40, 18, 49.8591645279825, 41, 0, 27.07526042951687, 96, 6, 1.4673712746589498, 112, 0, 14.373023741584039, 221, 54, 131, 1.0, 
Tyler Phillips, 10, 2, 14.939339453335403, 34, 3, 32.38212825079991, 19, 7, 61.34079187343764, 59, 6, -7.475251080073157, 50, 3, 44.89119258975455, 189, 45, 70, 1.0, 
Tyler Rogers, 5, 4, -13.46850608473408, 21, 13, -128.13267028519928, 11, 19, -275.5499360525107, 59, 4, -4.713915625683828, 50, 8, -3.304048892267957, 304, 74, 72, 1.0, 
Tyler Wells, 14, 9, 11.323667256595428, 33, 11, 13.4756268949784, 23, 2, 1.076355525966497, 48, 10, 12.682777871665149, 73, 2, 2.488553350886801, 89, 22, 82, 1.0, 
Victor Vodnik, 6, 5, -12.495452453104932, 26, 10, -53.96022341275953, 32, 1, 12.622854057593887, 53, 11, -49.84699956091933, 61, 1, 19.868101276400264, 214, 49, 64, 1.0, 
Wade Miley, 4, 0, 1.5158536852906077, 12, 2, 2.65853509744961, 12, 1, 3.352206362414913, 26, 3, 8.0856974969034, 25, 3, 12.107962601572323, 64, 15, 36, 1.0, 
Walker Buehler, 20, 1, 2.9727620918212816, 63, 3, 6.583500626282682, 48, 0, 29.15634527289349, 100, 14, -16.08707122911072, 90, 12, 0.6449487883847098, 343, 77, 113, 1.0, 
Wandy Peralta, 6, 1, 18.820440094756947, 23, 3, 36.19991789862229, 23, 6, -23.44308619534523, 46, 1, 53.98946784338665, 49, 9, -71.07921839868118, 231, 54, 60, 1.0, 
Will Vest, 4, 5, -27.305563466002937, 23, 6, -16.859697082608932, 20, 0, 14.67807054362631, 55, 3, -2.674125429251081, 69, 3, 89.81030465414568, 261, 62, 67, 1.0, 
Will Warren, 20, 2, 1.2450655277884488, 90, 14, 291.76053890002936, 53, 9, 29.274802979044296, 123, 1, 192.21020682277867, 139, 23, 225.79686799942192, 328, 73, 123, 1.0, 
Yariel Rodriguez, 4, 0, 0.11403476239318422, 15, 2, -7.210369919196907, 17, 4, 102.51695496453726, 24, 0, 11.294768634525294, 36, 2, -10.13193686025641, 266, 63, 39, 1.0, 
Yennier Cano, 6, 1, -0.3402451440329468, 26, 3, 37.078085952485836, 21, 2, 50.615532605689125, 51, 1, -0.7255186929795516, 57, 5, 116.33977422769601, 242, 58, 58, 1.0, 
Yimi Garcia, 7, 2, 5.026083529345345, 22, 4, 1.9829557373988038, 16, 2, 5.534112173638293, 35, 9, 159.87927072238517, 68, 8, 38.28347801336166, 113, 27, 58, 1.0, 
Yoendrys Gomez, 9, 0, 0.0703721731331034, 27, 0, 0.09221769812386049, 20, 0, 0.06050212747601247, 36, 3, 0.9672034272473855, 43, 6, 3.623090550974112, 138, 31, 47, 1.0, 
Yohan Ramirez, 5, 1, 3.064712365051692, 31, 6, 18.71422647366836, 23, 0, 11.210246498022677, 48, 4, -0.6055077830624782, 61, 1, 58.92945939838594, 176, 38, 53, 1.0, 
Yoshinobu Yamamoto, 13, 4, -1.8592750781554122, 48, 6, 4.2678805793662296, 48, 1, 21.097606256536647, 104, 4, 106.66572632060132, 185, 6, -3.8522235768075532, 420, 105, 158, 1.0, 
Yuki Matsui, 7, 1, -0.4645937901747317, 23, 0, 1.0983052966156992, 27, 3, 9.15504530474999, 36, 1, 9.230212176370538, 56, 1, 45.991298049152014, 211, 50, 54, 1.0, 
Yusei Kikuchi, 23, 9, -8.553151347996053, 74, 16, -19.085529524669326, 59, 11, 57.47538291647198, 139, 17, -7.9708776330595725, 180, 0, 21.738132980991526, 665, 155, 168, 1.0, 
Zac Gallen, 22, 5, -3.8345393246851893, 82, 8, -4.997294277605842, 59, 11, 47.649820512288976, 135, 9, -3.324050035649929, 170, 18, -47.24950895052937, 748, 183, 176, 1.0, 
Zach Agnos, 7, 1, 0.2050256800883452, 33, 10, 10.802410715928161, 24, 7, 5.140609564427663, 38, 1, 0.2049239797652005, 30, 16, 27.84999854565268, 69, 15, 46, 1.0, 
Zach Eflin, 25, 14, -3.17411557881411, 74, 16, 3.3577381380818565, 28, 29, -187.37200284901215, 130, 8, 6.679510542205961, 114, 0, 36.589620295837435, 502, 122, 144, 1.0, 
Zach Pop, 7, 0, 5.364671489702077, 26, 0, 39.21977883742349, 16, 5, 24.70494885487103, 37, 3, 11.059183649774651, 32, 10, 35.10770998969218, 67, 16, 46, 1.0, 
Zack Kelly, 6, 0, 23.751733207831297, 27, 2, 1.213778354599814, 22, 4, -14.680280865862862, 45, 4, -12.981172690786998, 58, 1, 30.65154585323654, 157, 36, 56, 1.0, 
Zack Littell, 25, 12, -19.6952113286795, 67, 2, 11.608224015076157, 32, 28, -133.50967169365998, 129, 0, 50.5981860709107, 125, 7, 52.00801285862771, 496, 119, 157, 1.0, 
Zack Wheeler, 15, 2, 1.8734560654713577, 43, 5, -4.661710973398419, 34, 16, -58.62283254211695, 88, 13, -27.778729649354972, 165, 8, 96.05135051192636, 691, 173, 138, 1.0, 
Zebby Matthews, 21, 12, 24.061587648923776, 72, 19, -19.684032802783037, 35, 16, -45.752592012709584, 115, 15, -36.30326043614532, 125, 10, -14.995018838744826, 212, 46, 112, 1.0, 
