Aaron Ashby, 4, 3, -5.005660069772709, 19, 4, 0.8909809491429499, 23, 4, -5.428441112702394, 47, 5, 22.63253669327478, 77, 4, -1.7445303261288423, 250, 58, 66, 1.0, 
Aaron Civale, 18, 1, 19.924112525468004, 60, 0, 55.38591870108937, 38, 11, 12.126893317608804, 96, 3, -2.90607648365106, 109, 2, 12.7928366946447, 508, 120, 121, 1.0, 
Aaron Nola, 26, 11, -18.60383237982345, 89, 17, -8.913162137734687, 47, 21, -61.52080054753608, 139, 14, -4.642879296567585, 173, 2, 12.857463011054222, 706, 172, 168, 1.0, 
Adam Mazur, 4, 0, -0.006073726811398755, 20, 2, 6.720247148263816, 14, 7, -56.01933544642003, 31, 1, 10.355348807418121, 21, 3, -25.01545196067576, 118, 25, 32, 1.0, 
Adrian Houser, 14, 8, -14.885228072406484, 68, 8, -7.5892621203897015, 50, 6, 21.1332327888909, 130, 3, 153.27318119306076, 103, 3, 39.11497287192771, 440, 101, 141, 1.0, 
Albert Suarez, 3, 0, 0.2344587409845874, 12, 0, 0.742595174434248, 9, 0, 0.2657492834417252, 25, 3, 8.961642191974274, 24, 2, 4.611253576114778, 169, 39, 30, 1.0, 
Alek Manoah, 16, 7, 19.704698306198758, 41, 10, 21.780469264166758, 37, 10, 58.412809645542254, 59, 3, 41.85699746849922, 94, 12, 23.55069472194014, 217, 51, 95, 1.0, 
Alex Cobb, 5, 1, 1.9481540449873256, 23, 4, 8.600668494308522, 14, 3, 3.955436579812674, 51, 3, 16.660050690591767, 48, 7, 19.650608881999553, 127, 30, 54, 1.0, 
Andre Pallante, 15, 5, -0.06462623676615209, 73, 8, 29.582742357502404, 54, 19, -74.64797661756364, 132, 3, 21.104302256963617, 102, 8, 5.146165146968848, 495, 114, 144, 1.0, 
Andrew Abbott, 22, 6, 3.5279032366011354, 61, 9, 23.22785594961896, 52, 3, 38.90315113294401, 127, 9, -10.486624401909506, 150, 1, 82.78226212979509, 535, 128, 166, 1.0, 
Antonio Senzatela, 11, 1, 3.773875616190118, 52, 1, 22.701171135561474, 25, 4, 8.953643227298116, 92, 23, -14.738551357227266, 43, 16, -6.679955603915033, 293, 63, 72, 1.0, 
Austin Gomber, 6, 3, -49.96630738259941, 20, 3, -43.33447694138721, 8, 3, -33.39160602188035, 31, 0, 35.426327785012106, 19, 3, -39.68315050076953, 525, 121, 30, 1.0, 
Bailey Falter, 10, 3, 3.3202670790688096, 36, 6, 3.136408816886913, 24, 2, 25.17342904997492, 61, 4, 15.464597834319573, 52, 8, -39.164520719265596, 450, 107, 74, 1.0, 
Bailey Ober, 22, 10, -15.184105079195461, 67, 12, 5.591842004850136, 33, 17, -64.22802065759464, 110, 10, 2.826500514782879, 128, 16, -31.55305614970814, 534, 131, 141, 1.0, 
Beau Brieske, 7, 0, 21.359598611669334, 25, 4, 44.425720408191054, 21, 2, 73.21372148167981, 37, 3, -16.437216778516728, 39, 5, -36.43599077698538, 219, 51, 46, 1.0, 
Ben Brown, 7, 1, 2.959746920925613, 29, 7, -38.62728734861817, 17, 3, 29.79134263073209, 46, 0, 2.3280378050563417, 61, 2, 20.215498301848726, 277, 64, 54, 1.0, 
Blake Snell, 9, 7, -11.545588557496256, 42, 6, 31.50306563514369, 60, 14, 9.526112968104059, 94, 13, -5.213538136400771, 179, 6, 9.03082238665317, 487, 118, 141, 1.0, 
Bowden Francis, 6, 3, -39.4829085259161, 15, 2, 31.210624973675188, 10, 2, -10.55152178729061, 20, 1, 10.00098183128264, 26, 0, 7.00030556974484, 257, 63, 30, 1.0, 
Brad Keller, 7, 1, 61.04636198307501, 27, 1, 76.44811251207503, 27, 11, 246.31282275510364, 51, 0, 4.292049075378364, 60, 5, 79.62136431133366, 324, 73, 67, 1.0, 
Brad Lord, 17, 3, 0.11018601298745612, 62, 18, 4.237510676288494, 44, 4, 0.2021358500610666, 111, 12, 1.9506159942814882, 110, 14, 2.5538456356820163, 273, 65, 135, 1.0, 
Brady Singer, 19, 0, 0.32597507811262316, 75, 7, 6.77802783050981, 54, 6, 9.73249029751202, 140, 0, 20.35542711075699, 160, 1, 20.92389077578826, 700, 165, 169, 1.0, 
Brandon Pfaadt, 25, 7, 1.8857415492484861, 95, 22, -56.4935708319926, 41, 23, -60.14426159693471, 159, 5, 12.159837669357147, 154, 13, 20.64336465690439, 603, 140, 171, 1.0, 
Brandon Williamson, 6, 2, 1.763086101482528, 21, 7, 13.116445732762838, 15, 1, 0.6525505651149197, 36, 1, 0.4963679504314302, 37, 5, 7.693039198889318, 63, 15, 46, 1.0, 
Brandon Woodruff, 19, 7, -2.1929434747865706, 48, 3, 9.338957352872814, 35, 18, -14.234180338781876, 84, 22, -14.270083605522913, 180, 23, -20.691946972259345, 263, 66, 146, 1.0, 
Brandon Young, 6, 1, 0.5957944376387347, 22, 1, 0.37449169335349186, 12, 0, 3.02848637420116e-06, 31, 6, 8.609512119684283, 25, 5, 6.013476936157133, 128, 28, 32, 1.0, 
Braxton Ashcraft, 7, 13, 2.383769729987595, 43, 20, 5.523502751095549, 44, 9, 1.1856021036239994, 113, 11, 1.5272643998320312, 134, 8, 0.9294011329701828, 146, 34, 132, 1.0, 
Braxton Garrett, 15, 0, 0.3157944528248242, 62, 8, 11.9462792814352, 22, 27, 33.958953436187784, 112, 1, 5.408699468670727, 114, 21, 50.087044424093975, 198, 47, 123, 1.0, 
Brayan Bello, 16, 3, 10.528728523569011, 68, 2, 33.593508461687385, 56, 12, -14.880440263481255, 134, 8, 84.86535054643831, 131, 2, 29.601705018124466, 584, 135, 157, 1.0, 
Brennan Bernardino, 4, 5, -14.536536283738222, 22, 5, -21.518745452507986, 24, 10, -54.12291107599012, 45, 3, 16.73875678544799, 53, 6, -29.13261627472103, 206, 47, 56, 1.0, 
Bryan Woo, 24, 5, -1.4912290567582298, 63, 6, -1.7861904482715651, 39, 30, -26.33183516427917, 118, 4, 38.02725566445791, 183, 9, 115.92701292721432, 487, 122, 186, 1.0, 
Bryce Elder, 14, 0, 4.830713156067673, 58, 6, 0.7185205005466955, 33, 2, 19.806629492894395, 94, 1, 21.875100633406923, 82, 18, -81.74872212002214, 466, 108, 99, 1.0, 
Bryce Miller, 22, 1, -0.09778636679729336, 72, 8, -8.545513388688288, 46, 14, -30.99137958244566, 108, 4, -2.093165470178535, 126, 5, 0.9316709538343666, 506, 124, 143, 1.0, 
Bryse Wilson, 5, 2, -25.042338891303665, 16, 0, 31.75143832740363, 9, 0, 3.987825968020217, 27, 1, 40.95626890303564, 19, 2, 40.71241913475856, 372, 85, 28, 1.0, 
Cade Cavalli, 19, 2, 0.08999665805645463, 65, 7, 0.6435813788817608, 42, 1, 0.0322342049278479, 138, 15, 2.889484075797924, 110, 19, 4.330763497499447, 109, 24, 135, 1.0, 
Cade Horton, 11, 6, 0.47799754879805434, 40, 18, 4.508880142394204, 36, 5, 0.46296268844640576, 94, 10, 1.470208857846682, 104, 12, 2.0491806984977856, 238, 59, 129, 1.0, 
Cade Povich, 6, 0, 5.076096205735397, 23, 0, 2.485849707845973, 16, 0, -1.2388088027473354, 36, 1, 1.5382345102153039, 39, 0, 2.850830315655185, 336, 76, 40, 1.0, 
Caleb Ferguson, 4, 5, -21.289496254923748, 24, 1, 50.50908634042812, 22, 1, 26.650348357202585, 48, 5, 6.484830499719735, 56, 0, 49.9728774554515, 232, 53, 57, 1.0, 
Carlos Carrasco, 6, 1, -2.547338312709801, 25, 2, -23.946591375633012, 13, 2, 26.878859544014155, 37, 2, -7.552538824190876, 28, 1, -6.749793934859218, 430, 97, 36, 1.0, 
Carlos Rodon, 20, 6, 10.087006068999134, 61, 16, -21.06620942536189, 52, 9, 0.24510362779805916, 96, 1, 14.789399217590042, 158, 11, 66.22994606767237, 630, 153, 148, 1.0, 
Carmen Mlodzinski, 5, 4, -11.709540654226991, 26, 4, 25.421759581559172, 23, 0, 28.398127647433288, 58, 6, 60.29121516594007, 64, 8, -49.33639993712971, 241, 57, 69, 1.0, 
Carson Palmquist, 6, 3, 4.873424259897611, 24, 5, 9.506019277874344, 17, 5, 11.325887466313375, 26, 2, 2.0690269057724606, 20, 6, 13.198167995966855, 87, 17, 25, 1.0, 
Casey Mize, 18, 1, 5.978362171978738, 66, 1, 2.431170381861054, 38, 9, -5.0962149384546045, 137, 19, -33.1727309494526, 127, 4, 11.665770644102782, 431, 100, 146, 1.0, 
Chad Patrick, 14, 0, 0.005859980411066321, 53, 2, 0.10358755667777442, 44, 7, 0.7015895868362394, 113, 5, 0.36931761676095576, 142, 16, 3.4021504273068643, 251, 59, 135, 1.0, 
Charlie Morton, 11, 2, 2.771989346969937, 43, 8, -20.56312049806118, 36, 10, -46.90594290125537, 68, 0, 55.096575043461264, 85, 1, 13.34995525905508, 699, 160, 81, 1.0, 
Chase Burns, 14, 0, 0.004081791784565782, 64, 2, 0.05916071819608926, 49, 20, 5.553646832712779, 104, 10, 1.558947687227512, 191, 46, 29.381378547595546, 94, 21, 127, 1.0, 
Chase Dollander, 22, 0, 0.003439558625982733, 83, 23, 8.70473711801425, 58, 9, 1.5032777206597956, 102, 9, 1.3281230469887344, 100, 1, 0.055067026392033425, 220, 49, 120, 1.0, 
Chase Silseth, 9, 4, 4.917835870113074, 27, 4, 17.473481594324646, 24, 2, 1.4753602720431291, 37, 0, 15.911426138903987, 51, 2, 2.1080382747139894, 35, 8, 52, 1.0, 
Chris Bassitt, 20, 0, 5.886864487697574, 72, 3, 33.85988287868552, 55, 1, 0.9305763482223088, 145, 6, 36.21457565096411, 161, 9, -1.9967239881818841, 766, 180, 165, 1.0, 
Chris Flexen, 4, 1, -10.784952068593142, 12, 0, 19.3183405505221, 8, 0, 35.84660240010126, 22, 0, 12.536534853648499, 16, 4, 75.09510369715053, 485, 110, 25, 1.0, 
Chris Paddack, 20, 9, -8.506995577197628, 69, 12, -17.398125869632935, 30, 12, -20.87562176013133, 112, 9, 35.15651424722023, 93, 7, 72.67502130316521, 421, 98, 121, 1.0, 
Chris Sale, 13, 3, 8.411016642368367, 48, 3, 53.87959995898895, 41, 14, -26.074200116213206, 113, 13, -24.207996410442732, 200, 22, -62.59926119625281, 507, 125, 157, 1.0, 
Christian Scott, 6, 3, 4.835374427822459, 19, 6, 22.909761288595103, 10, 3, 5.0529718287731455, 30, 0, 0.19697971465899694, 31, 4, 8.10247020750814, 59, 14, 39, 1.0, 
Clarke Schmidt, 3, 0, 2.9058048808417842, 10, 1, 10.84904819065715, 9, 2, -25.291982864378163, 18, 1, 19.561551571517555, 27, 1, -3.8341442107807637, 399, 94, 27, 1.0, 
Clay Holmes, 11, 10, -17.26411330924835, 55, 4, 5.083528725840127, 54, 15, -42.191578124751686, 122, 15, -41.2522477485002, 139, 8, 17.890526337852275, 375, 88, 150, 1.0, 
Cody Bradford, 8, 3, 6.342504894550517, 25, 3, 44.45698773874298, 11, 9, 16.49797772994247, 42, 6, 15.820441467393998, 52, 5, 4.875970065860237, 116, 28, 56, 1.0, 
Cole Ragans, 16, 2, 0.5628907042348787, 69, 7, -7.209104554053813, 56, 8, 143.7631814024708, 115, 2, 7.968075063538173, 207, 32, 73.82083611164802, 396, 95, 155, 1.0, 
Colin Rea, 11, 4, -1.4389888489617704, 35, 8, -31.853761515739187, 22, 4, -5.2290674528081205, 64, 5, 29.209556340139045, 63, 2, 22.725055483429976, 586, 139, 79, 1.0, 
Colton Gordon, 9, 7, 6.299770162177509, 24, 5, 3.185609094028351, 9, 5, 3.3725563369904847, 40, 0, 0.029872297360447275, 34, 6, 5.03925147853198, 189, 43, 42, 1.0, 
Cooper Criswell, 5, 1, 1.9833089750878805, 23, 4, 6.278057406727811, 14, 0, 4.220439351865403, 44, 2, 3.105043656040513, 34, 2, 13.708291248295405, 123, 28, 45, 1.0, 
Corbin Burnes, 4, 0, 0.25302986278215556, 13, 1, 23.945803389305887, 14, 2, 50.630307100638554, 28, 0, 49.114593020216404, 42, 0, 23.291979689418145, 657, 163, 43, 1.0, 
Cristian Javier, 16, 13, -6.634039258397152, 69, 15, 18.606021376660948, 62, 4, 62.68720478689047, 108, 10, -18.987093132897062, 130, 2, 53.82236461863146, 394, 95, 143, 1.0, 
Cristopher Sanchez, 16, 13, -4.094924659488207, 70, 31, -87.6930639355233, 47, 22, -51.886400035387794, 161, 8, -1.1525945287184172, 184, 19, -26.451649070587905, 533, 130, 193, 1.0, 
DJ Herz, 3, 0, 0.05637191604664732, 14, 1, 1.9854560057806911, 12, 3, 7.759485017757704, 22, 1, 2.9643527442464093, 37, 5, 19.952173694888216, 114, 26, 30, 1.0, 
DL Hall, 4, 2, 4.344469599976755, 24, 0, -0.0032647358303207683, 23, 9, -58.27828432490665, 39, 9, 45.09322074375439, 44, 3, -10.019031603399288, 140, 32, 53, 1.0, 
David Festa, 7, 0, -0.2664762852891105, 26, 1, 0.3957811059746188, 17, 6, -42.745342573530976, 35, 2, 33.058766064547, 48, 3, 144.10101397557926, 202, 46, 45, 1.0, 
David Peterson, 14, 9, -9.757590303790757, 70, 1, 44.29959879831381, 62, 17, -40.91698932676928, 143, 18, -43.20566745933826, 152, 4, 88.21063952100576, 544, 126, 163, 1.0, 
Davis Martin, 18, 0, 8.041673415065743, 68, 3, 44.06793413936571, 54, 7, -4.591279178385577, 124, 0, 29.46621543485032, 119, 12, 7.719911874414571, 316, 74, 146, 1.0, 
Dean Kremer, 19, 4, -0.07090098884268681, 65, 12, -23.393683391075122, 45, 1, 49.342921131921706, 117, 1, 63.72481705968858, 127, 2, 42.467180925760815, 627, 149, 147, 1.0, 
Drew Rasmussen, 12, 8, 13.823744123604857, 49, 5, 14.834530884476518, 39, 16, -39.44879474131605, 115, 20, 26.100943057103933, 158, 4, 85.2212737285179, 365, 92, 159, 1.0, 
Drew Thorpe, 9, 0, 0.00021206459795443128, 31, 1, 0.6510609017690377, 24, 2, 1.5943994758857523, 34, 16, 68.29676237164084, 32, 22, 129.62266897088085, 57, 13, 52, 1.0, 
Dustin May, 18, 7, 3.6912915154975305, 71, 8, 9.485642826344527, 58, 3, 4.082881942296959, 108, 5, 59.73716331470806, 124, 9, 29.277121457652413, 209, 49, 140, 1.0, 
Dylan Cease, 19, 0, 0.6541336793471341, 79, 4, 13.116538716801482, 71, 3, 30.71635116571835, 129, 1, 22.12785072574009, 219, 7, 6.232682755593178, 753, 179, 176, 1.0, 
Dylan Dodd, 6, 2, 2.239031548911308, 19, 6, -10.511108439938184, 8, 8, -1.6979327981132712, 32, 5, 12.087047261701429, 33, 8, 19.188845037894282, 94, 21, 41, 1.0, 
Eduardo Rodriguez, 20, 4, -2.21134327374795, 73, 0, 5.689619413883849, 52, 1, 5.656766189277097, 131, 2, 13.690453728193502, 132, 22, -91.19540918672908, 482, 111, 140, 1.0, 
Edward Cabrera, 17, 3, 0.05010963622349429, 60, 6, 25.035275129633273, 60, 10, 10.985430230635444, 97, 5, 11.646122542096208, 149, 21, -110.83818837393142, 431, 100, 137, 1.0, 
Emerson Hancock, 11, 4, -7.768165379574334, 36, 2, -2.8535746017135297, 22, 3, -2.3637991324129715, 59, 11, -50.7839143502527, 47, 5, -1.99444530438889, 260, 60, 68, 1.0, 
Emmet Sheehan, 15, 1, 4.959566410484499, 49, 2, 16.29458185351751, 45, 5, 9.674852907535056, 81, 19, -11.49238542183177, 161, 5, -0.8160901611909885, 169, 41, 136, 1.0, 
Eric Lauer, 10, 5, 14.094096718015123, 26, 1, 48.98336528722994, 19, 1, 26.07541975019847, 46, 7, 0.20244041107926591, 59, 1, 9.223166064757162, 302, 72, 61, 1.0, 
Erick Fedde, 12, 0, 0.16532389637977965, 48, 5, 37.177488998449384, 36, 13, 19.86498751859375, 81, 6, -7.7324294708471335, 66, 6, 147.23828912328526, 557, 129, 93, 1.0, 
Erik Miller, 3, 6, -4.33649177763283, 17, 14, -69.57624753009009, 34, 22, -138.91898032781933, 44, 3, 55.68535254816737, 56, 1, -1.8448381559731013, 164, 38, 59, 1.0, 
Eury Perez, 17, 7, 0.44821252856568883, 59, 26, 0.006329584550911704, 46, 5, -0.8600288998674293, 85, 16, -5.337327041705365, 158, 14, 2.222858852186363, 239, 58, 140, 1.0, 
Framber Valdez, 15, 9, -11.501468974682222, 71, 10, 5.170329900340214, 61, 9, -3.9506924204017793, 147, 10, 5.60505275188617, 184, 2, 2.049398463376945, 785, 191, 188, 1.0, 
Freddy Peralta, 20, 7, -3.7708085999224465, 58, 8, 28.042403069790634, 59, 15, -33.25666884533862, 104, 12, -8.323260015635448, 194, 6, 15.8388004010766, 611, 148, 166, 1.0, 
Garrett Crochet, 21, 5, -1.6535409524717855, 61, 1, 27.463428367160525, 45, 23, -33.590150620511125, 129, 7, -0.9727323708696733, 240, 34, 13.073542065576987, 563, 140, 186, 1.0, 
Garrett Whitlock, 5, 4, 17.288782663617162, 23, 5, 5.581763778238805, 20, 3, 75.14497175328077, 52, 2, 17.293473004356542, 81, 4, 14.252279232740545, 211, 51, 68, 1.0, 
Gavin Stone, 4, 1, 6.728211305858269, 15, 3, 90.09716053836041, 8, 0, 7.75080346464836, 25, 2, 14.144189386128051, 21, 1, 8.367414013637386, 157, 36, 27, 1.0, 
Gavin Williams, 19, 2, 6.832322007817162, 70, 17, -23.142147390678417, 78, 6, 8.852760159644651, 120, 12, 2.4530766679301195, 171, 3, 2.115835945209819, 428, 100, 166, 1.0, 
George Kirby, 19, 0, 0.1439136833929941, 72, 4, 18.123349926038784, 34, 31, -114.09047290001956, 143, 8, -1.5486742235916537, 173, 8, 63.87816177484879, 650, 159, 172, 1.0, 
German Marquez, 21, 0, 0.37956724928055074, 88, 2, 2.5956338988504504, 46, 2, 6.477407740690275, 134, 10, -0.7649651590766808, 84, 9, 0.07612305468181546, 390, 87, 122, 1.0, 
Gerrit Cole, 14, 1, 3.8904954674051537, 43, 2, 6.4716832302034835, 34, 3, 7.740902550082237, 83, 10, 33.569888516824086, 129, 14, 6.147050697592768, 334, 84, 121, 1.0, 
Graham Ashcraft, 6, 4, 18.241454083462884, 33, 2, 73.580736668129, 23, 1, 11.672669382954489, 64, 3, 21.2610370420906, 57, 3, 7.94304265424595, 430, 98, 65, 1.0, 
Grant Holmes, 11, 0, 1.2665415362707062, 40, 0, 0.2308765835578715, 37, 9, -21.71406248832954, 73, 7, -13.415841050904639, 100, 5, -7.2109218494888925, 309, 73, 95, 1.0, 
Grayson Rodriguez, 15, 3, 0.33280528539509246, 53, 6, 4.729812280399321, 38, 4, 1.861769353091899, 99, 2, 3.152910920604661, 130, 21, 19.421028387777042, 216, 51, 121, 1.0, 
Griffin Canning, 17, 0, 5.804900970017639, 59, 2, 7.037239510626515, 49, 12, 89.66167722560448, 101, 0, 2.8798273094037774, 112, 8, 30.245034483175644, 496, 116, 124, 1.0, 
Gunnar Hoglund, 10, 7, 8.490689274557127, 26, 7, 7.685056388129496, 13, 5, 5.231416758043906, 32, 3, 1.5938487256759224, 28, 7, 8.523584428827363, 69, 16, 38, 1.0, 
Hayden Birdsong, 8, 2, -4.413335199910678, 29, 5, -12.106335239924903, 31, 5, -2.8541519599202942, 40, 1, 137.99152675010683, 62, 2, 19.539269666168025, 245, 54, 56, 1.0, 
Hayden Wesneski, 4, 2, -44.673915078217334, 11, 2, 15.305178652969033, 6, 2, -8.287591351480188, 17, 2, 62.5459119456069, 23, 0, 54.623876100781466, 231, 55, 25, 1.0, 
Hogan Harris, 6, 3, -7.287012316582906, 27, 4, 95.50299754994882, 32, 3, 55.993220751242816, 52, 6, -29.74563521144931, 62, 2, 23.105170852159453, 268, 61, 66, 1.0, 
Hunter Brown, 19, 0, 2.2668260822448114, 64, 9, -2.7525549213732887, 59, 2, 12.53852927903915, 130, 11, 1.5242782167585105, 198, 2, 66.01559290078194, 652, 158, 180, 1.0, 
Hunter Dobbins, 9, 4, 0.5574987006773711, 42, 7, 1.458858580729622, 25, 3, 0.2987562523495111, 82, 8, 1.7708573725646914, 66, 0, 0.0005144796401272212, 128, 30, 90, 1.0, 
Hunter Gaddis, 6, 0, 14.957831088340903, 21, 3, 48.74691175470855, 19, 2, 30.07368446698129, 46, 0, 83.9279802707932, 66, 9, -55.0005470401026, 227, 56, 67, 1.0, 
Hunter Greene, 21, 6, 5.0355136628747665, 59, 2, 3.025972555167824, 54, 6, 41.92992191312564, 104, 24, -57.18324994941355, 206, 1, 28.108420786647716, 515, 123, 169, 1.0, 
Hurston Waldrep, 8, 11, 1.736782536606217, 42, 16, 3.849111972554887, 47, 17, 4.415480790805255, 96, 11, 1.9826111654982341, 124, 0, 0.0029947449032323922, 114, 28, 126, 1.0, 
J.T. Ginn, 10, 2, 7.018005721917305, 34, 0, 6.260646997462178, 21, 4, -10.598139212313072, 58, 8, -8.471014777308994, 65, 6, -4.401611207379787, 213, 49, 65, 1.0, 
JP Sears, 24, 8, -14.63291356099164, 68, 5, 37.04017004953795, 39, 19, -15.765911423527939, 107, 3, 7.259543167703771, 110, 0, 6.287971407985074, 591, 139, 132, 1.0, 
JT Brubaker, 1, 7, 3.9346295224717096, 21, 1, 3.2460215775633, 19, 7, 11.73575230005764, 40, 2, 0.08048513013140024, 39, 1, 3.1476185116294326, 217, 49, 48, 1.0, 
Jack Flaherty, 21, 4, 8.16018367053635, 74, 1, 15.390261010917412, 58, 13, 46.79788819415349, 123, 2, 6.852204830840401, 183, 16, 22.201229711994714, 536, 125, 158, 1.0, 
Jack Kochanowicz, 4, 0, 3.3557078760890606, 18, 0, 21.714458509484995, 11, 1, 185.49879997801776, 29, 1, -6.7155231444113355, 17, 7, 56.61341832973096, 311, 70, 29, 1.0, 
Jack Leiter, 22, 0, 0.1912287552312894, 95, 9, 42.87338020552127, 72, 21, -40.49645716128293, 127, 2, 15.361829300830776, 144, 13, -16.359762657883763, 327, 74, 151, 1.0, 
Jacob Latz, 10, 2, 3.9641434072728465, 36, 0, 2.8577272564925558, 49, 18, -61.92572636456396, 73, 17, -57.738881836500866, 94, 11, -22.146276696925156, 216, 51, 102, 1.0, 
Jacob Lopez, 19, 8, 0.9576324589844809, 58, 8, 0.9663167055565385, 52, 14, 2.839392333190439, 92, 12, 2.0123874272274485, 157, 16, 3.706403776262384, 199, 46, 126, 1.0, 
Jacob Misiorowski, 16, 0, 0.0027354621634548305, 68, 3, 0.10778228166353476, 65, 1, 0.024848176545440692, 94, 26, 8.15096365046314, 184, 1, 0.020284913635155832, 136, 33, 139, 1.0, 
Jacob deGrom, 20, 6, 3.124044071449948, 51, 5, -0.18582729435584078, 35, 34, 31.54821437870342, 89, 6, 4.029711641152808, 189, 27, -27.115762898842306, 238, 62, 160, 1.0, 
Jake Irvin, 22, 10, -10.278199520698351, 70, 16, -7.456877685760816, 42, 2, 11.516424397855882, 107, 9, -0.7776876769406087, 96, 1, 35.649352758863536, 646, 151, 127, 1.0, 
Jakob Junis, 6, 1, 5.822891677879949, 23, 3, 1.0468234022084602, 15, 8, -27.780378908635242, 52, 7, -31.019263842707062, 55, 0, 209.08873455644536, 343, 82, 65, 1.0, 
Jalen Beeks, 5, 1, -0.9738945673120032, 22, 1, 12.321021104452955, 18, 4, -31.632813151779985, 39, 4, 55.469864381223175, 42, 3, -17.585668472667024, 246, 57, 49, 1.0, 
Jameson Taillon, 23, 11, -15.963843787438115, 63, 4, 23.87429642659818, 35, 22, -87.83180745852704, 115, 9, 41.908589244139414, 121, 0, 16.289891941579427, 644, 156, 154, 1.0, 
Janson Junk, 7, 8, 1.7400421832308801, 43, 6, 1.2202701223781887, 14, 25, 17.065522913461024, 86, 2, 0.12407904906626199, 64, 5, 0.6713332151649656, 223, 55, 91, 1.0, 
Jared Jones, 12, 4, 2.140571465877895, 40, 7, 4.692140393009866, 28, 3, 0.9278145750012177, 66, 11, 12.096111148442251, 95, 14, 18.624019542721463, 151, 36, 89, 1.0, 
Jared Koenig, 5, 3, -4.649499324501615, 22, 8, -2.293709824127859, 21, 3, 4.997954018944803, 53, 2, -2.043951472409333, 64, 2, 33.396048592536715, 205, 48, 66, 1.0, 
Jason Alexander, 9, 0, 0.26661759213138536, 28, 5, 1.3740797373789704, 18, 7, 7.3135239665802345, 44, 1, 1.9561236097407506, 42, 0, 2.8102084276123485, 187, 42, 51, 1.0, 
Javier Assad, 6, 1, 6.050404008199715, 25, 0, 8.699047752830186, 23, 6, 2.7351852544380932, 52, 3, -0.4146901464740047, 48, 2, 145.08788461263072, 351, 82, 65, 1.0, 
Jeffrey Springs, 24, 10, -9.400825301316182, 67, 4, 29.81541908023323, 52, 2, 9.030137068656947, 130, 0, 31.89617204196864, 153, 16, 25.089185907988536, 407, 98, 166, 1.0, 
Jesse Scholtens, 5, 2, 2.418887469989154, 17, 3, 6.841415793653549, 10, 2, 3.002871496111201, 30, 1, 1.8218649246879977, 21, 2, 3.57810882115896, 49, 11, 31, 1.0, 
Jesus Luzardo, 19, 4, 3.010069961079574, 79, 15, 13.639899944950926, 57, 8, 26.532515898252743, 136, 19, 41.80948253923489, 190, 0, 5.1206840838604855, 543, 131, 175, 1.0, 
Joe Boyle, 8, 2, -0.008334387224283368, 42, 14, -29.365156136439083, 47, 15, 215.1016804172, 55, 3, -4.334475578885687, 85, 0, 99.38337554932016, 180, 39, 75, 1.0, 
Joe Musgrove, 18, 3, 1.7912402288318325, 58, 3, 14.465763296842086, 35, 15, 2.747542935519647, 118, 2, 5.415487069784338, 148, 6, 0.8733606257211903, 258, 62, 147, 1.0, 
Joe Ross, 5, 0, 3.8691943009628837, 20, 2, -2.1177164676000686, 14, 4, -15.770853053111757, 37, 1, 7.529140109977181, 32, 1, 31.233896463133355, 219, 50, 40, 1.0, 
Joe Ryan, 24, 13, -23.905233375036836, 65, 20, -47.27936430526562, 39, 24, -70.8096406648807, 114, 1, 16.257147967792122, 192, 12, 8.35931930599314, 625, 153, 169, 1.0, 
Joey Cantillo, 16, 3, 1.0662895298066237, 56, 7, -6.739556905945669, 55, 10, 94.75452745260841, 97, 3, 7.345464783114271, 154, 19, -17.138233714653367, 225, 53, 133, 1.0, 
Joey Estes, 4, 2, 3.9634820637416066, 15, 1, 3.3508079174020065, 6, 3, 13.62721759156982, 23, 4, 23.761941317448095, 20, 0, 0.2969683226444585, 162, 38, 27, 1.0, 
Joey Lucchesi, 4, 0, 0.17225354793506997, 18, 0, 11.379959019762119, 14, 1, 3.248188292580494, 36, 3, 0.42816764655606576, 35, 2, 17.355202422654877, 113, 26, 45, 1.0, 
Joey Wentz, 6, 0, 4.930493020484199, 28, 1, 40.837816551908155, 21, 2, 48.98448230812407, 45, 0, 61.205587771030075, 47, 4, 10.952756198711143, 343, 75, 48, 1.0, 
Johan Oviedo, 14, 0, 13.126521313112573, 45, 9, -2.3587134766760087, 56, 7, 0.09630263964576002, 65, 21, 1.6319699472337845, 108, 2, 1.6060880695256219, 278, 63, 107, 1.0, 
Jon Gray, 8, 0, 3.634486568846118, 33, 0, 5.070379419857033, 20, 0, 6.407894404935148, 61, 3, 8.68636547166577, 61, 5, 39.23909385082183, 269, 64, 69, 1.0, 
Jonathan Cannon, 16, 1, 0.020416108605079142, 58, 4, 7.0944739270327055, 36, 6, 13.494406052309, 90, 6, 106.86133591331262, 80, 1, -0.20446147314220697, 395, 90, 100, 1.0, 
Jordan Hicks, 6, 7, -66.87074398462788, 37, 8, -48.18886521320047, 28, 4, 8.311445074397191, 58, 3, 3.508742783343493, 56, 4, 16.3275601178427, 335, 75, 59, 1.0, 
Jordan Montgomery, 7, 3, 4.137871797462712, 33, 3, 1.3232525151296155, 19, 2, 6.117323936612707, 60, 3, 7.5466792362157715, 46, 3, 14.556149189426097, 338, 80, 59, 1.0, 
Jordan Wicks, 7, 3, 4.071320739235526, 25, 4, 8.281930489997354, 17, 1, 1.417801811767081, 42, 2, 2.000929174072141, 39, 8, 26.52279509543215, 77, 17, 45, 1.0, 
Jose Berrios, 19, 7, -15.04368239589014, 58, 8, -6.139341263502061, 41, 0, 9.946932019321949, 105, 0, 22.027974765610814, 111, 11, -17.51084372619149, 754, 179, 133, 1.0, 
Jose Butto, 5, 8, -43.95247039598421, 25, 13, -144.56706192057098, 31, 1, 5.083234947161138, 45, 3, 148.11992881868656, 59, 0, 32.37977483222381, 234, 56, 63, 1.0, 
Jose Quintana, 15, 0, 14.121619096123439, 55, 2, 38.20968432660574, 46, 10, -20.078159168529126, 105, 0, 13.476422606479172, 98, 3, 47.94419334928052, 567, 135, 132, 1.0, 
Jose Soriano, 15, 19, -32.78373505100156, 76, 20, -25.66047306512273, 75, 12, -5.119758841270453, 135, 0, 32.691843600460835, 158, 16, -23.89204708100329, 426, 100, 169, 1.0, 
Jose Urquidy, 15, 2, 2.9927513865254483, 46, 1, 1.7837469751856758, 30, 7, 5.882063561644625, 71, 2, 2.4203756075350125, 66, 8, 27.185573717389637, 95, 22, 87, 1.0, 
Josiah Gray, 19, 3, 17.638299375300562, 54, 10, 48.082046373468835, 53, 1, 12.038823965351304, 85, 0, 0.19713771769898863, 105, 6, 3.1857131838323323, 134, 30, 111, 1.0, 
Julian Aguiar, 7, 3, 9.366949507510427, 21, 5, 20.966746880129165, 12, 2, 6.033113123423441, 23, 5, 20.179168409569716, 21, 11, 93.62993035851355, 42, 9, 32, 1.0, 
Justin Steele, 7, 3, 0.7667128655944557, 30, 8, 2.1973259107607426, 23, 2, 25.34883929222893, 67, 2, 29.05800700189329, 85, 4, 2.4970806125339546, 297, 71, 84, 1.0, 
Justin Verlander, 16, 0, 6.163134370681793, 62, 4, 39.17101471482481, 42, 1, 25.194188158885137, 118, 6, 55.71478930222827, 122, 4, 81.61291981353112, 598, 144, 137, 1.0, 
Justin Wrobleski, 7, 0, 28.687275721482834, 28, 2, 27.42398217787938, 18, 7, 8.460759024705766, 43, 6, -28.440289237626004, 51, 0, 102.18614105856473, 173, 40, 52, 1.0, 
Kai-Wei Teng, 2, 2, 1.265682697197521, 21, 10, 24.05685335860602, 18, 5, 5.5442189801268, 29, 7, 10.529141997886654, 43, 1, 0.2827872537931415, 69, 14, 32, 1.0, 
Keaton Winn, 5, 0, 2.2217581541737954, 23, 9, 43.50724943664355, 11, 4, 11.294620243631975, 27, 0, 11.010399602124448, 28, 1, 4.395335094275291, 88, 20, 33, 1.0, 
Keegan Thompson, 3, 1, 3.836966338908057, 13, 3, 67.28765778031612, 19, 4, 10.112090360206047, 20, 5, 20.608316805464483, 36, 3, 96.7885552291619, 122, 28, 34, 1.0, 
Keider Montero, 11, 3, -2.5876495467244442, 32, 3, -3.917324798993416, 21, 2, 63.60925941717022, 54, 4, 9.53309179366407, 49, 1, 34.18568577455425, 320, 75, 62, 1.0, 
Kevin Gausman, 19, 1, 0.36090913507945, 72, 0, 3.8762870204514805, 50, 7, 9.316526429850295, 138, 9, 102.56841896388552, 182, 0, 73.07992974826452, 754, 183, 180, 1.0, 
Kodai Senga, 12, 2, 0.2930116848731579, 40, 14, 8.1971062002035, 55, 1, 50.87877032774166, 80, 6, 3.800239635768442, 117, 8, 7.9121499688110575, 370, 87, 114, 1.0, 
Kris Bubic, 10, 10, -13.637418048164548, 46, 18, -26.88921005163722, 40, 4, 87.88508376811755, 112, 6, 44.48897536413597, 149, 11, 3.8540898689840546, 343, 79, 138, 1.0, 
Kumar Rocker, 17, 1, 0.04444732056885692, 63, 7, 1.1134047005671874, 38, 13, 3.7129243405105896, 92, 18, 7.217002581088664, 87, 4, 0.3473898121449901, 143, 32, 101, 1.0, 
Kutter Crawford, 12, 6, 5.489538245965473, 38, 7, 3.6503514060494098, 23, 2, 0.21999279082732048, 57, 15, 14.197981218870908, 78, 1, 12.252597687352113, 270, 64, 79, 1.0, 
Kyle Bradish, 12, 3, 2.7974957660526423, 44, 0, 3.199764976461452, 49, 16, -46.41803699897696, 89, 19, -84.36710827424957, 188, 2, 38.915487243776994, 367, 89, 140, 1.0, 
Kyle Freeland, 24, 6, 4.247209594485772, 89, 11, -18.493391908129055, 41, 14, -32.101529804687736, 164, 15, -33.33817570309653, 119, 0, 32.946604295366456, 660, 151, 162, 1.0, 
Kyle Harrison, 10, 1, 24.534910611548668, 36, 0, 138.21058250706594, 28, 1, 2.592746691326276, 64, 2, 37.13518265816471, 79, 0, 12.240805374098596, 258, 59, 76, 1.0, 
Kyle Hart, 11, 2, 0.39815454625656344, 36, 5, 1.7235236561567007, 19, 12, 10.165958292785419, 40, 12, 9.960713709680817, 49, 1, 0.08719465233877421, 89, 21, 57, 1.0, 
Kyle Wright, 5, 1, 1.2705095031943028, 22, 3, 8.99111967404442, 16, 1, 1.3633155680868594, 35, 0, 4.515039467741039, 36, 4, 25.725915973317512, 89, 21, 35, 1.0, 
Lance McCullers Jr., 18, 2, 0.4326762791098895, 72, 21, -4.059951439987003, 68, 15, 24.6427305046398, 96, 22, 19.79248415595768, 112, 21, 5.727378006794169, 133, 29, 104, 1.0, 
Landen Roupp, 10, 9, -5.240234918327911, 52, 17, -27.5183527533234, 55, 1, 2.9834763190832456, 108, 9, 30.914760647591073, 118, 18, -45.96714607733952, 277, 62, 121, 1.0, 
Logan Allen, 14, 2, 0.08450115443419381, 61, 2, 39.86031230299427, 44, 14, -47.68360309331864, 112, 0, 60.37266893223801, 95, 4, 3.337379973807426, 415, 95, 120, 1.0, 
Logan Gilbert, 22, 8, -6.499943306479118, 61, 10, -6.395832150046928, 38, 22, -73.01688774842887, 108, 6, -1.4497076832504163, 191, 23, -56.152841362801894, 718, 178, 166, 1.0, 
Logan Webb, 15, 15, -23.78419321782946, 75, 22, -42.56204834702548, 46, 23, -53.35459168485826, 179, 20, 14.82665763087725, 189, 22, -12.414820961745846, 833, 204, 198, 1.0, 
Lucas Giolito, 20, 4, 10.915330952720804, 64, 2, 15.931148111796166, 58, 6, 58.056075612200814, 118, 1, 2.6515585587107373, 136, 16, -11.36209973444683, 491, 114, 152, 1.0, 
Luis Castillo, 22, 5, -2.36449457529858, 69, 0, 4.882552604906123, 48, 9, -11.039952570907381, 137, 4, 3.9346960087563083, 174, 14, -3.343669619464798, 720, 175, 178, 1.0, 
Luis Garcia, 4, 3, 0.16564789804181146, 24, 0, 10.549837066153176, 20, 6, 57.46131179743031, 51, 5, 71.47822814481471, 52, 2, 218.5226447605238, 215, 50, 57, 1.0, 
Luis Gil, 10, 2, -0.48996781083411634, 38, 5, -3.414395660166198, 52, 24, 81.65150214630131, 69, 9, -7.596099605196201, 88, 1, 42.342845865420855, 352, 83, 101, 1.0, 
Luis Medina, 10, 9, 6.70113924196923, 52, 1, 1.039572696603824, 43, 8, 4.726659253438301, 81, 17, 30.237874082887473, 75, 0, 32.38700527983579, 145, 32, 88, 1.0, 
Luis Morales, 17, 9, 1.3983510786777718, 39, 7, 0.9947448739422224, 40, 13, 3.0053342663604, 70, 5, 0.4400142779337184, 102, 10, 1.745141189657435, 99, 24, 113, 1.0, 
Luis Severino, 22, 0, 19.557595967002005, 88, 2, 2.4244068895246476, 56, 2, 1.5959226468513332, 152, 14, -26.026633378116593, 147, 0, 96.39131204333795, 572, 133, 175, 1.0, 
Luke Weaver, 9, 3, 29.758386034104753, 30, 3, 33.00141128242457, 22, 2, 33.393358810802916, 46, 9, 114.31490746521621, 76, 0, 94.91690034547928, 332, 76, 68, 1.0, 
MacKenzie Gore, 19, 0, 16.596542306816854, 76, 10, 25.389556912483357, 68, 13, -13.476478991601716, 137, 10, 13.577293641713496, 183, 13, 74.9062417759158, 575, 132, 161, 1.0, 
Marcus Stroman, 14, 3, -1.875212893396311, 62, 3, 0.9136265004696469, 41, 7, -3.1429645548202814, 102, 9, 6.945889041383651, 79, 4, 19.399404927199146, 498, 116, 108, 1.0, 
Martin Perez, 6, 0, 7.305079912716423, 21, 0, 3.0667411532682562, 17, 5, -44.211603471194024, 39, 6, 13.217238130022963, 38, 2, 17.786214913982608, 561, 132, 49, 1.0, 
Mason Black, 8, 1, 0.5754339591905775, 32, 0, 0.06928690123010794, 18, 2, 1.5664765135370204, 49, 0, 0.26162654187673656, 37, 10, 35.56807463142797, 50, 10, 45, 1.0, 
Mason Miller, 5, 1, 4.291584948307401, 20, 0, 0.681933139335519, 28, 2, 38.22902367046852, 31, 11, -68.23195731030822, 103, 21, -337.3653797739262, 192, 49, 67, 1.0, 
Matt Strahm, 5, 1, 2.4184013932635686, 19, 2, 42.37034056542456, 18, 3, 46.177372850848975, 42, 4, 55.85332903478906, 78, 0, 51.399521255911104, 259, 63, 65, 1.0, 
Matt Waldron, 5, 2, 8.880101096340018, 18, 6, 19.479771154515305, 10, 1, 0.6071153226838453, 29, 0, 7.471273794986102, 32, 2, 8.36469971411469, 171, 40, 36, 1.0, 
Matthew Boyd, 18, 0, 1.2262540372638628, 61, 4, 6.8379825851973495, 46, 9, 8.403900541488724, 121, 4, 34.797883684859215, 157, 10, 29.459244781694437, 367, 89, 161, 1.0, 
Matthew Liberatore, 18, 1, 4.723983753225461, 73, 1, 44.944246602399225, 46, 2, 43.22627172667146, 133, 3, 6.804856638829092, 119, 3, 71.49559056547703, 360, 83, 145, 1.0, 
Max Fried, 15, 10, -14.170693156881963, 62, 23, -63.99775778500245, 50, 7, 15.457830694378838, 142, 10, -11.10670971903151, 177, 3, 8.433063980452829, 639, 157, 182, 1.0, 
Max Meyer, 25, 10, -14.726405326267852, 71, 0, 9.52887588548993, 42, 18, -42.492115716931835, 114, 0, 5.633806452504788, 122, 3, 1.3748934849224836, 213, 48, 126, 1.0, 
Max Scherzer, 19, 13, -50.5419292088976, 54, 17, -35.774102295190175, 30, 7, -7.797658420186785, 87, 4, -3.465188099934707, 114, 5, -5.9677503532132015, 430, 106, 114, 1.0, 
McCade Brown, 9, 2, 0.9520783612699866, 33, 1, 0.32872958499052674, 26, 5, 4.23615277949969, 39, 8, 9.555873564881637, 37, 2, 0.8700402458564831, 63, 12, 40, 1.0, 
Merrill Kelly, 22, 4, -1.4504678737538672, 70, 3, 15.259061453427304, 50, 6, 15.921797798056165, 131, 12, -1.4018733869048958, 161, 8, 89.22643368098242, 643, 158, 176, 1.0, 
Michael King, 20, 5, 7.0172306166496785, 57, 4, 1.2017864785572652, 55, 10, -13.988008249805503, 115, 9, 90.12776141709051, 181, 7, 13.838767965364166, 416, 100, 163, 1.0, 
Michael Kopech, 5, 3, 7.497468111437904, 16, 5, 28.75706234317316, 21, 4, 32.31227046470622, 22, 1, 4.395302091525322, 47, 5, 24.991907278066336, 227, 52, 39, 1.0, 
Michael Lorenzen, 20, 7, 4.691994836550101, 64, 10, 41.53107916403851, 48, 7, 59.991315307556434, 111, 2, 92.46471127570136, 119, 10, -5.763400613683963, 544, 130, 142, 1.0, 
Michael McGreevy, 18, 1, 0.016457486285633927, 70, 4, 0.18777438425899007, 32, 19, 4.320872751998266, 132, 7, 0.6775218520105089, 90, 27, 8.100464362382766, 200, 47, 142, 1.0, 
Michael Soroka, 20, 7, -4.53277350619933, 67, 18, -74.02921814959828, 52, 2, 11.687248274462105, 91, 14, 14.012407387165268, 133, 11, -23.310847374687526, 270, 62, 129, 1.0, 
Michael Wacha, 17, 3, 0.4722149755268408, 66, 0, 18.04786224254984, 46, 8, -4.5615207872083126, 137, 10, 38.08628511878044, 136, 12, 2.208996611055049, 617, 149, 167, 1.0, 
Mick Abel, 16, 9, 2.5113607191918383, 58, 18, 9.426419657913726, 35, 1, 0.04866822805308024, 79, 8, 1.8432458230555682, 88, 8, 2.0425828533176436, 87, 19, 87, 1.0, 
Mike Burrows, 16, 4, 0.2621861878476097, 55, 5, 0.4134529088665042, 41, 4, 0.30805050677764534, 101, 5, 0.4628314517066352, 129, 5, 0.3791938919623563, 201, 48, 129, 1.0, 
Mike Clevinger, 3, 0, 2.5460022263924387, 10, 1, 6.006273597947611, 7, 0, 0.032110791885165926, 19, 0, 3.7793865461143743, 20, 2, 7.831458944322774, 103, 24, 25, 1.0, 
Miles Mikolas, 22, 7, -5.480859899786587, 76, 8, -2.3910440584161243, 31, 21, -88.62509070315491, 131, 5, 16.40667362570855, 97, 13, -24.421133601394885, 763, 182, 142, 1.0, 
Mitch Keller, 21, 1, 2.3992613326914656, 79, 15, -16.955050651124267, 51, 3, 5.415573762815484, 150, 16, -29.329844680429133, 157, 14, 28.210504964527686, 758, 176, 175, 1.0, 
Mitchell Parker, 11, 1, -0.644439196344456, 44, 12, -40.43167697120269, 26, 3, 6.034448648773338, 74, 1, 31.15489351214506, 60, 12, -52.216769754922524, 548, 126, 80, 1.0, 
Nathan Eovaldi, 17, 1, 14.44012411161085, 51, 12, 20.53779651434737, 37, 21, -37.17559590925791, 111, 5, 35.224811706766104, 158, 1, 17.694744872233333, 557, 138, 163, 1.0, 
Nick Lodolo, 21, 8, 16.906458981835133, 68, 6, 84.14747464075822, 41, 14, -1.6691476917355175, 121, 5, 99.80900573364028, 161, 15, 74.86143844322942, 435, 102, 150, 1.0, 
Nick Martinez, 16, 0, 4.551273025749493, 59, 7, 52.00644520860028, 35, 14, 51.254289584705845, 113, 6, 3.3126096580956386, 111, 4, 30.562646241952237, 540, 130, 141, 1.0, 
Nick Pivetta, 24, 11, -1.687766000064606, 66, 18, -8.063449404849948, 51, 4, 24.179002514110934, 112, 0, 6.811648172010557, 194, 15, -3.909141542199677, 669, 161, 176, 1.0, 
Noah Cameron, 18, 3, 0.14955109289507784, 47, 5, 0.31308999335572274, 45, 3, 0.12062660892128374, 94, 14, 2.1882284154949545, 124, 27, 7.890314192167423, 278, 69, 146, 1.0, 
Nolan McLean, 13, 3, 0.13690579123487834, 37, 21, 4.454585104759779, 49, 5, 0.26278533617660127, 95, 10, 1.132685997824158, 178, 1, 0.010438316215176671, 94, 24, 150, 1.0, 
Pablo Lopez, 17, 1, 9.87186486171263, 62, 6, 67.64838184615527, 43, 11, -16.507109222673698, 130, 0, 33.48887900685691, 169, 5, 19.503314218530505, 655, 158, 164, 1.0, 
Parker Messick, 12, 1, 0.05443489778777155, 38, 18, 5.248399071771949, 21, 25, 10.486017471286658, 121, 46, 33.63989017642274, 115, 2, 0.09028587082919803, 82, 19, 119, 1.0, 
Patrick Corbin, 20, 2, 1.485635075789363, 76, 6, 38.098829300561206, 44, 2, 4.497851388131458, 136, 1, 59.90563939625975, 110, 15, -24.063744249141976, 732, 165, 139, 1.0, 
Patrick Sandoval, 7, 5, 6.099476452224607, 37, 4, 27.200375876679438, 32, 6, 4.850439915713235, 67, 5, 11.263740607320077, 71, 1, 9.495697788211235, 273, 61, 72, 1.0, 
Paul Blackburn, 10, 0, 6.7478651178473985, 41, 1, 12.79616151239086, 21, 4, -7.986088706978009, 67, 4, 33.2838550567591, 57, 9, -11.619816205131457, 355, 82, 68, 1.0, 
Paul Skenes, 13, 9, -5.011627185899988, 44, 29, -50.75766290115175, 46, 22, -28.794811153174805, 122, 5, 1.4303076584284575, 224, 2, 35.18373169270974, 498, 128, 186, 1.0, 
Pedro Avila, 3, 1, 3.6445962594620154, 14, 0, 11.6421585085745, 15, 4, 42.30175599316425, 27, 1, 23.107255254813488, 35, 1, 1.6686565067806498, 123, 28, 34, 1.0, 
Quinn Priester, 22, 2, 4.3684697858621115, 79, 2, 29.688252814843402, 54, 4, 32.233540006075216, 144, 1, 58.49909467740033, 124, 5, 46.25579014219328, 343, 79, 163, 1.0, 
Randy Vasquez, 17, 0, -0.03253685430007214, 61, 2, 31.63672287407186, 50, 6, 21.348652399692753, 119, 12, -8.990108838367249, 92, 30, -162.62776626734515, 361, 83, 137, 1.0, 
Ranger Suarez, 16, 5, -5.146685315644229, 65, 10, -11.033956534179218, 47, 8, 0.6410448896088781, 144, 12, -7.032819106086137, 159, 6, 14.040211142107813, 619, 146, 166, 1.0, 
Reid Detmers, 18, 1, 21.482850085193878, 74, 4, 147.65814150475782, 57, 5, 33.843017502394396, 118, 2, 46.23037466592948, 169, 8, 115.48105938767333, 460, 106, 139, 1.0, 
Reynaldo Lopez, 11, 5, 5.982902525723787, 38, 21, 7.479277776646896, 45, 1, 16.281299601420187, 93, 2, 43.3933211357387, 149, 14, 8.385349832940832, 179, 44, 131, 1.0, 
Rhett Lowder, 1, 12, 22.079161182140425, 13, 28, 110.84008299878798, 31, 16, 38.83296414943127, 60, 5, 4.664337106399636, 54, 3, 1.431046910757616, 38, 9, 73, 1.0, 
Richard Fitts, 23, 9, 2.0044712629311654, 57, 5, 0.676150161668823, 38, 13, 3.9986837177423737, 75, 16, 5.4598759595600015, 90, 6, 0.8649948611189462, 97, 22, 102, 1.0, 
Roansy Contreras, 5, 0, 1.5084984619332262, 18, 1, 71.03235375652069, 15, 1, 7.705607309875316, 27, 0, 40.069789897118575, 28, 1, 2.6040763478389097, 168, 38, 33, 1.0, 
Robbie Ray, 24, 10, 19.066472623923556, 74, 17, 144.9006757613409, 74, 13, 82.56870975874978, 105, 3, 18.11225056813538, 199, 3, 1.844172152811796, 481, 116, 170, 1.0, 
Roddery Munoz, 14, 10, 30.17068712453686, 34, 10, 31.203893022428645, 24, 4, 7.151676566546943, 38, 3, 4.011526719192578, 42, 0, 0.03104892937311851, 113, 24, 49, 1.0, 
Roki Sasaki, 20, 2, 0.1098662724968189, 61, 16, 4.3843700458624895, 69, 29, 13.466157735395143, 83, 27, 11.359720418144406, 94, 12, 2.5581199731913458, 80, 18, 119, 1.0, 
Ryan Bergert, 7, 1, 0.17610411532245718, 26, 3, 0.65759513936072, 30, 7, 2.725539651418586, 44, 1, 0.19194127827707597, 62, 7, 2.6827349099382722, 161, 38, 64, 1.0, 
Ryan Feltner, 13, 3, 24.124290206725966, 57, 2, 67.92521380868004, 41, 8, 0.1428697690000007, 98, 4, 19.045641979124184, 86, 11, -9.317584240745148, 364, 83, 104, 1.0, 
Ryan Gusto, 7, 2, 0.5703603907051003, 28, 5, 3.0019992135537024, 16, 3, 0.9941189733117657, 44, 0, 3.583091475209551e-05, 45, 7, 5.550818047288921, 226, 50, 46, 1.0, 
Ryan Pepiot, 23, 10, -16.118902506434925, 63, 17, 9.867339405876834, 58, 11, 87.03971504412148, 103, 0, 53.02410199105979, 171, 0, 68.3158941591059, 384, 93, 166, 1.0, 
Ryan Walker, 5, 3, -5.834152647285187, 23, 2, 75.38221312239061, 18, 3, 5.143131474781562, 50, 3, 102.85441368057572, 70, 0, 7.884897461071994, 259, 62, 64, 1.0, 
Ryan Weathers, 19, 8, -11.035044984047516, 57, 3, 0.6650532844682324, 39, 3, 19.316943634653953, 99, 7, -2.6644016197938747, 113, 3, 7.811456652410139, 244, 56, 122, 1.0, 
Ryan Yarbrough, 10, 4, 0.4708066201099044, 29, 3, 31.856597765489308, 19, 2, 24.919566550524387, 48, 9, -49.336476575863486, 50, 2, 83.05020986745801, 348, 82, 65, 1.0, 
Ryne Nelson, 19, 0, 3.0726336158414873, 70, 2, 14.78751381959201, 43, 11, -7.460805305065193, 130, 14, -23.35081265533342, 129, 18, -7.481995111921407, 579, 138, 160, 1.0, 
Sandy Alcantara, 22, 11, -0.14975640416804126, 95, 2, 9.063065521438393, 57, 27, -18.580923405399616, 143, 6, 7.764612688769407, 147, 4, 11.292744412533997, 558, 136, 178, 1.0, 
Scott Alexander, 2, 2, 6.25703113815813, 11, 3, 19.011541383517653, 10, 1, 28.746245069857075, 26, 0, 37.113676346733364, 24, 0, 23.707951654091794, 79, 18, 31, 1.0, 
Sean Burke, 22, 10, 1.1298834529991684, 65, 5, 0.34046577248428367, 67, 13, 2.0458585932359554, 109, 27, 8.239554733849516, 140, 8, 0.8306013425302687, 298, 67, 140, 1.0, 
Sean Manaea, 20, 9, -5.653765421296548, 66, 15, -66.9858808833833, 36, 14, 134.07452432039753, 97, 13, 25.360641883438475, 142, 23, -113.21857460166038, 542, 129, 127, 1.0, 
Seth Lugo, 22, 7, 17.182624738121284, 66, 2, 47.940629960378764, 50, 1, 48.37261065213922, 124, 8, -6.124940729066328, 144, 5, 101.01651695017301, 580, 140, 162, 1.0, 
Shane Baz, 21, 4, 0.24713596757007394, 73, 0, 4.824536140840862, 56, 0, 12.812450097523682, 116, 23, 9.59739156753065, 155, 6, 13.449008499651615, 332, 78, 155, 1.0, 
Shane Bieber, 18, 10, 8.7616807417958, 45, 10, 16.88453210915818, 25, 18, -20.336443135013482, 81, 9, 2.853870203519577, 107, 0, 14.433289224447641, 346, 85, 117, 1.0, 
Shane McClanahan, 15, 3, 0.44065979637103087, 44, 8, 2.805458203309054, 39, 1, 11.069496547822093, 87, 20, 17.984467782059923, 139, 7, 6.943862240055068, 111, 28, 128, 1.0, 
Shane Smith, 18, 1, 0.028484101797475625, 67, 4, 0.18584240541943142, 67, 32, 9.341242358523672, 108, 1, 0.029023703998642902, 158, 9, 0.8034024195184415, 308, 73, 158, 1.0, 
Shawn Armstrong, 5, 4, -20.615820721423553, 24, 5, -6.452441783867329, 21, 4, -4.363269454556782, 49, 1, 135.07396662403949, 69, 1, 37.1230568088079, 263, 63, 69, 1.0, 
Shohei Ohtani, 9, 3, 8.093368006652, 36, 0, 8.76665764246819, 29, 15, -3.427641254419541, 81, 12, 19.638445351021133, 148, 12, 96.58596568558872, 321, 80, 114, 1.0, 
Shota Imanaga, 27, 18, -21.33466223638925, 56, 16, -5.069728188758987, 30, 28, -68.23219286356775, 95, 10, 17.936338229059462, 137, 15, 65.48267097714084, 504, 126, 152, 1.0, 
Simeon Woods Richardson, 16, 3, -0.9806934249595045, 54, 4, 2.8911286282665802, 48, 9, 63.937511056265656, 90, 4, -0.8698160729651878, 114, 14, -28.60696287668172, 416, 97, 120, 1.0, 
Slade Cecconi, 26, 10, -14.376925431267743, 83, 10, 6.003652351799168, 36, 25, -74.48208975757407, 129, 12, 2.9004265366656696, 120, 17, -30.48203411913353, 308, 73, 150, 1.0, 
Sonny Gray, 20, 2, 12.162684698626496, 72, 12, 35.650291689605005, 42, 17, -30.102737745795338, 139, 12, -1.7447151432764585, 190, 19, -21.343909168541387, 666, 162, 172, 1.0, 
Spencer Arrighetti, 14, 0, 2.9330841217654604, 50, 0, -0.11313688566423713, 45, 9, 33.065810005579436, 67, 9, 41.321040290875445, 89, 3, 61.745972520519274, 315, 72, 90, 1.0, 
Spencer Schwellenbach, 10, 0, -0.023950437451943835, 31, 1, 11.507769359452517, 17, 16, -70.38342198183923, 62, 4, 54.158964235344094, 88, 4, -5.107715060298274, 373, 93, 89, 1.0, 
Spencer Strider, 21, 4, 1.9315151517334757, 72, 3, 48.72595162205257, 60, 5, 20.789371423381, 122, 14, 87.85460131817302, 183, 3, 20.345506086381377, 427, 103, 155, 1.0, 
Spencer Turnbull, 6, 0, 0.19097855013402945, 23, 1, 9.676356897841918, 20, 6, 8.062567190644483, 37, 2, 3.0036907150082, 49, 8, 15.56657652398303, 78, 18, 51, 1.0, 
Stephen Kolek, 7, 6, -7.648054162414468, 38, 6, 33.83524462497146, 22, 8, -2.2179697851834277, 75, 5, 3.623824564987771, 59, 0, 95.40772639589281, 268, 63, 80, 1.0, 
Steven Matz, 15, 0, 4.01106853437784, 55, 0, 27.103850841787406, 31, 16, 44.84596975097472, 111, 8, 17.717149929654603, 102, 1, 7.198212105560279, 288, 68, 126, 1.0, 
Taijuan Walker, 21, 7, 20.849112598044336, 64, 3, 42.64949025308827, 42, 5, 2.58874059247643, 105, 10, -22.515103536354914, 82, 4, 6.19431064384932, 575, 133, 114, 1.0, 
Taj Bradley, 18, 1, 42.08681570517443, 64, 8, 56.82740542347261, 46, 5, 16.05660345348934, 93, 0, 14.920536952114396, 123, 1, 40.8195879090166, 509, 119, 122, 1.0, 
Tanner Bibee, 23, 5, 0.733733743438215, 75, 4, 30.974307097023395, 51, 3, 4.71403338597852, 138, 11, -10.584751773622887, 173, 4, 81.89413385797342, 637, 154, 178, 1.0, 
Tanner Gordon, 17, 7, -6.4444798160350345, 61, 9, 130.17011833615996, 19, 20, -138.72103843237534, 88, 5, 78.37211844412836, 61, 10, -28.158746746242457, 198, 43, 78, 1.0, 
Tarik Skubal, 16, 5, -1.2554515122976504, 55, 17, -28.25721546834646, 40, 37, -158.83653822540447, 129, 7, -1.963464475582418, 234, 9, -0.6266458396848371, 572, 146, 195, 1.0, 
Tobias Myers, 6, 1, 4.947942191279818, 22, 8, -42.42345542343621, 16, 1, 1.1966346741046836, 51, 0, 4.428223496255413, 46, 0, 15.222438602941779, 315, 75, 56, 1.0, 
Tomoyuki Sugano, 23, 14, 3.065139907810405, 62, 0, 0.00397235595181937, 29, 13, 2.721020264406498, 109, 12, 2.409515760441735, 83, 11, 1.888141529986779, 337, 78, 121, 1.0, 
Trevor Rogers, 13, 8, -4.479446638570256, 55, 10, 41.90625245693659, 50, 8, 65.29996971297504, 115, 3, 7.998219377121233, 135, 1, 12.007484292272439, 423, 98, 151, 1.0, 
Trevor Williams, 4, 1, 11.191904031211308, 18, 3, -25.418765594646715, 10, 4, -26.498717328516335, 33, 3, 19.558647995391667, 28, 1, 42.84916321055541, 416, 95, 34, 1.0, 
Triston McKenzie, 5, 4, 25.407204244771115, 13, 4, 24.809290261239262, 14, 3, 33.37449187802824, 16, 0, 0.220897855217902, 25, 1, 7.241590062244221, 199, 49, 26, 1.0, 
Tyler Alexander, 9, 1, 37.19406565472808, 36, 5, -23.205242130338185, 17, 4, 26.250635287221016, 62, 2, 85.51834976674701, 56, 7, -9.850223397641088, 371, 87, 68, 1.0, 
Tyler Anderson, 22, 2, 6.279802140305042, 65, 7, 24.194200838471247, 53, 1, 49.68969827880305, 105, 3, 13.60886777139098, 105, 6, 26.297882850237542, 675, 158, 134, 1.0, 
Tyler Gilbert, 3, 0, 15.74126770588794, 13, 0, 32.2029816017702, 14, 2, 0.5272592804043121, 21, 0, 1.947839855723611, 28, 3, 5.134528454862256, 102, 24, 31, 1.0, 
Tyler Glasnow, 14, 2, -0.9659356978709037, 47, 9, -14.693985334937555, 48, 14, 74.1035032480861, 76, 23, -82.14216167891365, 161, 6, 33.23042253211399, 425, 106, 132, 1.0, 
Tyler Holton, 9, 2, 26.388329574310497, 23, 2, 16.397824668280574, 15, 10, -77.2179245143922, 43, 10, -59.03958222501123, 59, 2, 88.76178357206962, 306, 79, 71, 1.0, 
Tyler Mahle, 12, 4, 31.4072066074491, 40, 17, 49.8591645279825, 40, 0, 27.075260429516874, 95, 5, 1.4673712746589498, 112, 0, 14.373023741584092, 221, 54, 130, 1.0, 
Tyler Phillips, 10, 2, 14.939339453335391, 34, 3, 32.382128250799994, 19, 7, 61.34079187343764, 59, 6, -7.475251080073157, 50, 3, 44.89119258975449, 189, 45, 70, 1.0, 
Tyler Wells, 14, 9, 11.323667256595428, 34, 11, 13.4756268949784, 23, 2, 1.076355525966497, 48, 10, 12.682777871665149, 74, 2, 2.488553350886794, 89, 22, 83, 1.0, 
Wade Miley, 5, 0, 1.5158536852906077, 15, 2, 2.65853509744961, 14, 1, 3.352206362414913, 32, 4, 8.0856974969034, 31, 4, 12.107962601572293, 64, 15, 44, 1.0, 
Walker Buehler, 21, 1, 2.9727620918212816, 66, 3, 6.583500626282682, 50, 0, 29.15634527289349, 104, 15, -16.08707122911072, 94, 12, 0.6449487883847098, 343, 77, 117, 1.0, 
Will Warren, 20, 2, 1.2450655277884488, 91, 14, 291.76053890002936, 53, 9, 29.274802979044296, 124, 1, 192.21020682277853, 139, 23, 225.79686799942192, 328, 73, 124, 1.0, 
Yariel Rodriguez, 4, 0, 0.11403476239318422, 15, 2, -7.210369919196907, 17, 4, 102.51695496453726, 24, 0, 11.294768634525294, 36, 2, -10.13193686025641, 266, 63, 39, 1.0, 
Yoendrys Gomez, 9, 0, 0.0703721731331034, 27, 0, 0.09221769812386049, 20, 0, 0.06050212747601247, 36, 3, 0.9672034272473855, 43, 6, 3.623090550974112, 138, 31, 47, 1.0, 
Yoshinobu Yamamoto, 13, 4, -1.8592750781554122, 47, 6, 4.2678805793662296, 48, 1, 21.097606256536647, 103, 4, 106.66572632060132, 184, 6, -3.8522235768075923, 420, 105, 158, 1.0, 
Yusei Kikuchi, 23, 9, -8.553151347996053, 74, 16, -19.085529524669326, 59, 11, 57.475382916471986, 139, 17, -7.9708776330595725, 180, 0, 21.738132980991544, 665, 155, 168, 1.0, 
Zac Gallen, 23, 5, -3.8345393246851893, 83, 9, -4.997294277605842, 60, 11, 47.649820512289025, 138, 9, -3.324050035649929, 173, 18, -47.24950895052937, 748, 183, 179, 1.0, 
Zach Eflin, 25, 14, -3.17411557881411, 74, 16, 3.3577381380818565, 28, 29, -187.37200284901198, 130, 8, 6.679510542205961, 114, 0, 36.58962029583749, 502, 122, 144, 1.0, 
Zack Littell, 27, 13, -19.6952113286795, 72, 2, 11.608224015076157, 35, 30, -133.50967169366, 139, 0, 50.5981860709107, 134, 8, 52.008012858627716, 496, 119, 168, 1.0, 
Zack Wheeler, 15, 2, 1.8734560654713577, 43, 5, -4.661710973398419, 33, 16, -58.62283254211695, 87, 13, -27.778729649354972, 164, 8, 96.05135051192651, 691, 173, 137, 1.0, 
Zebby Matthews, 22, 12, 24.061587648923776, 74, 19, -19.684032802783037, 37, 17, -45.752592012709584, 119, 16, -36.303260436145436, 129, 11, -14.995018838744826, 212, 46, 115, 1.0, 
