Aaron Ashby, 3, 3, -5.005660069772709, 17, 4, 0.8909809491429499, 20, 3, -5.428441112702394, 41, 4, 22.63253669327478, 66, 3, -1.7445303261288423, 250, 58, 57, 1.0, 
Aaron Civale, 21, 1, 19.924112525468004, 70, 0, 55.38591870108937, 45, 13, 12.126893317608733, 111, 4, -2.90607648365106, 127, 2, 12.7928366946447, 508, 120, 140, 1.0, 
Aaron Nola, 28, 12, -18.60383237982345, 95, 18, -8.913162137734687, 50, 23, -61.52080054753618, 149, 15, -4.642879296567585, 185, 2, 12.857463011054222, 706, 172, 180, 1.0, 
Adam Mazur, 6, 0, -0.006073726811398755, 27, 3, 6.720247148263816, 19, 9, -56.01933544642003, 42, 1, 10.355348807418121, 28, 5, -25.01545196067576, 118, 25, 42, 1.0, 
Adrian Houser, 15, 9, -14.885228072406484, 70, 8, -7.5892621203897015, 52, 6, 21.1332327888909, 134, 4, 153.27318119306076, 106, 3, 39.1149728719277, 440, 101, 146, 1.0, 
Alek Manoah, 17, 7, 19.704698306198758, 45, 11, 21.780469264166758, 41, 12, 58.41280964554226, 65, 4, 41.85699746849922, 103, 13, 23.55069472194014, 217, 51, 103, 1.0, 
Alex Cobb, 6, 2, 1.9481540449873256, 27, 4, 8.600668494308522, 17, 3, 3.9554365798126736, 59, 4, 16.660050690591767, 56, 9, 19.650608881999553, 127, 30, 63, 1.0, 
Andre Pallante, 15, 5, -0.06462623676615209, 74, 8, 29.582742357502404, 55, 19, -74.64797661756364, 135, 3, 21.104302256963617, 104, 8, 5.146165146968755, 495, 114, 147, 1.0, 
Andrew Abbott, 22, 6, 3.5279032366011354, 61, 9, 23.22785594961896, 52, 3, 38.90315113294402, 127, 8, -10.486624401909506, 149, 1, 82.782262129795, 535, 128, 165, 1.0, 
Antonio Senzatela, 9, 1, 3.773875616190118, 40, 0, 22.701171135561474, 20, 3, 8.953643227298116, 72, 18, -14.738551357227266, 33, 12, -6.679955603915033, 293, 63, 57, 1.0, 
Austin Gomber, 27, 14, -49.96630738259941, 88, 15, -43.33447694138721, 37, 13, -33.39160602188035, 134, 2, 35.426327785012106, 85, 15, -39.68315050076953, 525, 121, 129, 1.0, 
Bailey Falter, 10, 3, 3.3202670790688096, 35, 6, 3.136408816886913, 23, 2, 25.17342904997493, 60, 3, 15.464597834319573, 51, 8, -39.164520719265624, 450, 107, 72, 1.0, 
Bailey Ober, 21, 10, -15.184105079195461, 64, 12, 5.591842004850136, 31, 16, -64.2280206575947, 104, 9, 2.826500514782879, 122, 15, -31.55305614970814, 534, 131, 133, 1.0, 
Beau Brieske, 7, 0, 21.359598611669334, 25, 4, 44.425720408191054, 21, 2, 73.21372148167981, 36, 3, -16.43721677851677, 38, 5, -36.43599077698542, 219, 51, 45, 1.0, 
Ben Brown, 6, 1, 2.959746920925613, 26, 6, -38.62728734861817, 16, 3, 29.79134263073209, 41, 0, 2.3280378050563417, 56, 2, 20.215498301848726, 277, 64, 49, 1.0, 
Blake Snell, 10, 9, -11.545588557496256, 48, 7, 31.50306563514369, 69, 16, 9.526112968104059, 109, 15, -5.213538136400771, 207, 7, 9.03082238665317, 487, 118, 162, 1.0, 
Bowden Francis, 7, 4, -39.4829085259161, 18, 2, 31.210624973675188, 12, 2, -10.551521787290618, 25, 1, 10.00098183128264, 32, 1, 7.00030556974484, 257, 63, 37, 1.0, 
Brad Keller, 7, 1, 61.04636198307501, 24, 1, 76.44811251207503, 24, 9, 246.31282275510375, 46, 0, 4.292049075378364, 55, 5, 79.62136431133366, 324, 73, 61, 1.0, 
Brad Lord, 18, 3, 0.11018601298745612, 68, 20, 4.237510676288494, 48, 4, 0.2021358500610666, 121, 13, 1.9506159942814882, 120, 15, 2.5538456356820127, 273, 65, 147, 1.0, 
Brady Singer, 20, 0, 0.32597507811262316, 78, 8, 6.77802783050981, 55, 6, 9.732490297512033, 145, 0, 20.35542711075699, 165, 1, 20.92389077578826, 700, 165, 175, 1.0, 
Brandon Pfaadt, 26, 7, 1.8857415492484861, 97, 22, -56.4935708319926, 42, 23, -60.14426159693477, 163, 5, 12.159837669357147, 158, 13, 20.64336465690439, 603, 140, 175, 1.0, 
Brandon Williamson, 7, 2, 1.763086101482528, 23, 7, 13.116445732762838, 16, 1, 0.6525505651149197, 39, 1, 0.4963679504314302, 41, 6, 7.6930391988892906, 63, 15, 50, 1.0, 
Brandon Woodruff, 20, 8, -2.1929434747865706, 52, 3, 9.338957352872814, 38, 19, -14.234180338781869, 90, 24, -14.270083605522913, 194, 24, -20.691946972259345, 263, 66, 158, 1.0, 
Brandon Young, 7, 1, 0.5957944376387347, 24, 1, 0.37449169335349186, 13, 0, 3.02848637420116e-06, 34, 6, 8.609512119684283, 27, 5, 6.013476936157133, 128, 28, 34, 1.0, 
Braxton Ashcraft, 8, 14, 2.383769729987595, 45, 22, 5.523502751095549, 47, 10, 1.1856021036239976, 120, 11, 1.5272643998320312, 143, 9, 0.9294011329701828, 146, 34, 141, 1.0, 
Braxton Garrett, 16, 0, 0.3157944528248242, 67, 9, 11.9462792814352, 24, 30, 33.95895343618777, 120, 1, 5.408699468670727, 123, 22, 50.087044424093975, 198, 47, 132, 1.0, 
Brayan Bello, 17, 3, 10.528728523569011, 72, 2, 33.593508461687385, 59, 13, -14.880440263481226, 141, 8, 84.86535054643831, 139, 2, 29.601705018124452, 584, 135, 166, 1.0, 
Brennan Bernardino, 3, 4, -14.536536283738222, 21, 4, -21.518745452507986, 23, 9, -54.12291107599012, 42, 3, 16.73875678544799, 50, 6, -29.132616274720917, 206, 47, 52, 1.0, 
Bryan Hoeing, 4, 1, 3.0223391170897327, 13, 5, 41.504845648266446, 10, 3, 5.897969782885424, 27, 1, 3.7436124692178416, 28, 0, 22.643996379719393, 110, 26, 35, 1.0, 
Bryan Woo, 24, 5, -1.4912290567582298, 65, 6, -1.7861904482715651, 40, 30, -26.33183516427917, 121, 4, 38.02725566445791, 187, 9, 115.92701292721432, 487, 122, 191, 1.0, 
Bryce Elder, 8, 0, 4.830713156067673, 36, 3, 0.7185205005466955, 21, 1, 19.806629492894395, 59, 0, 21.875100633406923, 51, 11, -81.74872212002185, 466, 108, 62, 1.0, 
Bryce Miller, 22, 1, -0.09778636679729336, 71, 8, -8.545513388688288, 45, 13, -30.991379582445674, 107, 4, -2.093165470178535, 124, 5, 0.9316709538343666, 506, 124, 141, 1.0, 
Cade Cavalli, 20, 2, 0.08999665805645463, 69, 7, 0.6435813788817608, 44, 1, 0.0322342049278479, 147, 16, 2.889484075797924, 117, 20, 4.330763497499447, 109, 24, 144, 1.0, 
Cade Horton, 11, 6, 0.47799754879805434, 40, 18, 4.508880142394204, 37, 5, 0.46296268844640576, 94, 10, 1.470208857846682, 105, 12, 2.0491806984977785, 238, 59, 129, 1.0, 
Cade Povich, 6, 0, 5.076096205735397, 23, 0, 2.485849707845973, 16, 0, -1.2388088027473354, 36, 1, 1.5382345102153039, 39, 0, 2.850830315655185, 336, 76, 39, 1.0, 
Cal Quantrill, 13, 0, 3.6580302177873345, 51, 3, 10.970791143261014, 30, 4, 27.143008608716595, 79, 3, 107.46902138905605, 60, 6, 27.480321431752493, 595, 137, 83, 1.0, 
Caleb Ferguson, 3, 4, -21.289496254923748, 22, 1, 50.50908634042812, 20, 1, 26.650348357202585, 44, 4, 6.484830499719735, 52, 0, 49.97287745545145, 232, 53, 53, 1.0, 
Carlos Rodon, 22, 6, 10.087006068999134, 67, 18, -21.06620942536189, 57, 10, 0.24510362779805916, 105, 1, 14.789399217590042, 174, 12, 66.22994606767237, 630, 153, 163, 1.0, 
Carmen Mlodzinski, 6, 4, -11.709540654226991, 28, 5, 25.421759581559172, 25, 0, 28.398127647433288, 63, 6, 60.291215165940045, 70, 8, -49.33639993712971, 241, 57, 75, 1.0, 
Carson Palmquist, 8, 4, 4.873424259897611, 30, 6, 9.506019277874344, 22, 7, 11.325887466313375, 33, 3, 2.0690269057724606, 26, 7, 13.198167995966855, 87, 17, 31, 1.0, 
Casey Mize, 20, 2, 5.978362171978738, 72, 1, 2.431170381861054, 42, 10, -5.096214938454608, 149, 21, -33.1727309494526, 138, 5, 11.665770644102782, 431, 100, 158, 1.0, 
Chad Patrick, 15, 0, 0.005859980411066321, 55, 3, 0.10358755667777442, 46, 7, 0.7015895868362385, 117, 5, 0.36931761676095576, 147, 17, 3.4021504273068643, 251, 59, 140, 1.0, 
Charlie Morton, 12, 2, 2.771989346969937, 47, 9, -20.56312049806118, 39, 10, -46.9059429012554, 75, 1, 55.09657504346134, 93, 1, 13.34995525905508, 699, 160, 88, 1.0, 
Chase Burns, 14, 0, 0.004081791784565782, 64, 2, 0.05916071819608926, 49, 20, 5.553646832712779, 104, 10, 1.558947687227512, 190, 46, 29.381378547595546, 94, 21, 126, 1.0, 
Chase Dollander, 23, 0, 0.003439558625982733, 88, 25, 8.70473711801425, 62, 10, 1.5032777206597956, 108, 9, 1.3281230469887344, 106, 2, 0.055067026392033425, 220, 49, 127, 1.0, 
Chase Silseth, 8, 3, 4.917835870113074, 25, 3, 17.473481594324646, 22, 2, 1.4753602720431291, 33, 0, 15.911426138903959, 46, 2, 2.1080382747139894, 35, 8, 46, 1.0, 
Chris Bassitt, 20, 0, 5.886864487697574, 73, 3, 33.85988287868552, 55, 1, 0.9305763482223123, 145, 6, 36.21457565096411, 162, 9, -1.9967239881818841, 766, 180, 166, 1.0, 
Chris Paddack, 21, 9, -8.506995577197628, 70, 12, -17.398125869632935, 31, 12, -20.87562176013133, 114, 9, 35.15651424722023, 96, 7, 72.67502130316521, 421, 98, 124, 1.0, 
Chris Sale, 14, 3, 8.411016642368367, 52, 4, 53.87959995898895, 43, 15, -26.074200116213206, 121, 14, -24.207996410442732, 213, 24, -62.59926119625281, 507, 125, 168, 1.0, 
Christian Scott, 7, 4, 4.835374427822459, 24, 8, 22.909761288595103, 13, 4, 5.0529718287731455, 38, 0, 0.19697971465899694, 40, 5, 8.102470207508109, 59, 14, 49, 1.0, 
Clarke Schmidt, 3, 0, 2.9058048808417842, 10, 1, 10.84904819065715, 10, 2, -25.291982864378134, 20, 1, 19.561551571517555, 29, 2, -3.8341442107807637, 399, 94, 30, 1.0, 
Clay Holmes, 13, 11, -17.26411330924835, 63, 5, 5.083528725840127, 62, 17, -42.19157812475166, 141, 17, -41.2522477485002, 160, 9, 17.890526337852354, 375, 88, 173, 1.0, 
Cody Bradford, 14, 5, 6.342504894550517, 44, 6, 44.45698773874298, 20, 17, 16.497977729942477, 75, 11, 15.820441467393998, 92, 9, 4.875970065860237, 116, 28, 99, 1.0, 
Cole Ragans, 17, 2, 0.5628907042348787, 76, 7, -7.209104554053813, 61, 9, 143.7631814024708, 126, 2, 7.968075063538173, 227, 35, 73.82083611164802, 396, 95, 170, 1.0, 
Colin Rea, 11, 4, -1.4389888489617704, 35, 7, -31.853761515739187, 21, 3, -5.229067452808128, 63, 5, 29.209556340139045, 63, 2, 22.72505548342997, 586, 139, 78, 1.0, 
Colton Gordon, 8, 6, 6.299770162177509, 22, 4, 3.185609094028351, 9, 4, 3.3725563369904847, 36, 0, 0.029872297360447275, 31, 5, 5.03925147853198, 189, 43, 38, 1.0, 
Cooper Criswell, 8, 1, 1.9833089750878805, 34, 6, 6.278057406727811, 21, 0, 4.220439351865403, 64, 3, 3.105043656040513, 49, 3, 13.708291248295405, 123, 28, 65, 1.0, 
Corbin Burnes, 4, 0, 0.25302986278215556, 11, 1, 23.945803389305887, 12, 2, 50.63030710063857, 24, 0, 49.114593020216404, 36, 0, 23.291979689418145, 657, 163, 36, 1.0, 
Cristian Javier, 17, 14, -6.634039258397152, 74, 16, 18.606021376660948, 66, 4, 62.687204786890476, 115, 10, -18.987093132897062, 138, 2, 53.82236461863146, 394, 95, 151, 1.0, 
Cristopher Sanchez, 16, 13, -4.094924659488207, 70, 31, -87.6930639355233, 47, 22, -51.88640003538784, 161, 8, -1.1525945287184172, 183, 19, -26.451649070587905, 533, 130, 193, 1.0, 
DL Hall, 4, 2, 4.344469599976755, 20, 0, -0.0032647358303207683, 20, 8, -58.27828432490665, 34, 8, 45.09322074375439, 38, 3, -10.01903160339932, 140, 32, 46, 1.0, 
Dane Dunning, 4, 0, 2.4200665020715637, 14, 0, 8.061643138302113, 10, 0, 1.8923649544978236, 22, 1, 4.875614059554431, 23, 3, 8.81583920515967, 302, 70, 26, 1.0, 
David Festa, 8, 0, -0.2664762852891105, 27, 1, 0.3957811059746188, 18, 7, -42.745342573530976, 37, 2, 33.058766064547, 51, 3, 144.10101397557926, 202, 46, 48, 1.0, 
David Peterson, 15, 10, -9.757590303790757, 78, 1, 44.29959879831381, 69, 19, -40.91698932676928, 159, 21, -43.20566745933826, 169, 5, 88.21063952100565, 544, 126, 181, 1.0, 
Davis Martin, 19, 0, 8.041673415065743, 72, 3, 44.06793413936571, 57, 8, -4.591279178385577, 132, 0, 29.46621543485032, 127, 13, 7.719911874414464, 316, 74, 155, 1.0, 
Dean Kremer, 20, 4, -0.07090098884268681, 69, 13, -23.393683391075122, 48, 1, 49.342921131921685, 124, 1, 63.72481705968858, 135, 3, 42.46718092576074, 627, 149, 156, 1.0, 
Drew Rasmussen, 13, 9, 13.823744123604857, 52, 5, 14.834530884476518, 41, 16, -39.44879474131605, 120, 21, 26.100943057103933, 165, 5, 85.22127372851787, 365, 92, 166, 1.0, 
Drew Thorpe, 12, 0, 0.00021206459795443128, 43, 2, 0.6510609017690377, 33, 3, 1.5943994758857523, 46, 21, 68.29676237164084, 44, 29, 129.62266897088085, 57, 13, 70, 1.0, 
Dustin May, 19, 7, 3.6912915154975305, 73, 9, 9.485642826344527, 60, 3, 4.082881942296959, 112, 5, 59.73716331470805, 128, 9, 29.277121457652473, 209, 49, 145, 1.0, 
Dylan Cease, 20, 0, 0.6541336793471341, 83, 4, 13.116538716801482, 75, 3, 30.71635116571835, 136, 1, 22.12785072574009, 231, 8, 6.232682755593178, 753, 179, 186, 1.0, 
Dylan Dodd, 5, 2, 2.239031548911308, 17, 5, -10.511108439938184, 7, 7, -1.6979327981132997, 28, 5, 12.087047261701429, 29, 7, 19.188845037894282, 94, 21, 37, 1.0, 
Eduardo Rodriguez, 21, 4, -2.21134327374795, 76, 0, 5.689619413883849, 54, 1, 5.656766189277095, 135, 2, 13.690453728193502, 136, 23, -91.1954091867292, 482, 111, 144, 1.0, 
Edward Cabrera, 18, 3, 0.05010963622349429, 62, 6, 25.035275129633273, 61, 10, 10.985430230635458, 100, 6, 11.646122542096315, 152, 22, -110.83818837393142, 431, 100, 140, 1.0, 
Emerson Hancock, 9, 4, -7.768165379574334, 30, 2, -2.8535746017135297, 19, 2, -2.3637991324129715, 50, 9, -50.7839143502527, 40, 4, -1.99444530438889, 260, 60, 58, 1.0, 
Emmet Sheehan, 12, 1, 4.959566410484499, 41, 2, 16.29458185351751, 38, 4, 9.674852907535056, 68, 16, -11.492385421831742, 135, 4, -0.8160901611909885, 169, 41, 115, 1.0, 
Eric Lauer, 9, 5, 14.094096718015123, 24, 0, 48.98336528722994, 17, 1, 26.075419750198474, 42, 6, 0.20244041107926591, 54, 1, 9.223166064757162, 302, 72, 56, 1.0, 
Erik Miller, 2, 6, -4.33649177763283, 16, 13, -69.57624753009009, 31, 20, -138.91898032781933, 40, 2, 55.68535254816737, 51, 1, -1.844838155973112, 164, 38, 54, 1.0, 
Eury Perez, 19, 7, 0.44821252856568883, 64, 28, 0.006329584550911704, 50, 6, -0.8600288998674293, 93, 17, -5.337327041705365, 174, 16, 2.222858852186363, 239, 58, 153, 1.0, 
Framber Valdez, 15, 9, -11.501468974682222, 71, 10, 5.170329900340214, 60, 9, -3.9506924204017544, 146, 10, 5.60505275188617, 183, 2, 2.049398463376945, 785, 191, 187, 1.0, 
Freddy Peralta, 22, 8, -3.7708085999224465, 62, 9, 28.042403069790634, 64, 16, -33.25666884533862, 113, 14, -8.323260015635448, 210, 6, 15.8388004010766, 611, 148, 179, 1.0, 
Garrett Crochet, 22, 5, -1.6535409524717855, 63, 1, 27.463428367160525, 46, 24, -33.590150620511125, 134, 7, -0.9727323708696733, 250, 35, 13.073542065576987, 563, 140, 194, 1.0, 
Garrett Whitlock, 4, 3, 17.288782663617162, 21, 4, 5.581763778238805, 18, 3, 75.14497175328079, 47, 2, 17.293473004356542, 74, 4, 14.252279232740545, 211, 51, 63, 1.0, 
Gavin Williams, 21, 2, 6.832322007817162, 75, 19, -23.142147390678417, 84, 6, 8.852760159644651, 130, 13, 2.4530766679302545, 185, 3, 2.115835945209819, 428, 100, 179, 1.0, 
George Kirby, 20, 0, 0.1439136833929941, 75, 4, 18.123349926038784, 35, 32, -114.09047290001948, 148, 8, -1.5486742235916537, 179, 8, 63.87816177484879, 650, 159, 178, 1.0, 
German Marquez, 25, 0, 0.37956724928055074, 100, 2, 2.5956338988504504, 52, 3, 6.477407740690275, 153, 11, -0.7649651590766808, 96, 10, 0.07612305468181546, 390, 87, 139, 1.0, 
Gerrit Cole, 15, 1, 3.8904954674051537, 46, 2, 6.4716832302034835, 36, 4, 7.740902550082235, 89, 11, 33.569888516824086, 138, 15, 6.147050697592768, 334, 84, 130, 1.0, 
Graham Ashcraft, 5, 4, 18.241454083462884, 29, 2, 73.580736668129, 20, 1, 11.672669382954489, 57, 3, 21.2610370420906, 50, 3, 7.94304265424595, 430, 98, 57, 1.0, 
Grant Holmes, 10, 0, 1.2665415362707062, 34, 0, 0.2308765835578715, 31, 8, -21.71406248832956, 62, 6, -13.415841050904689, 84, 4, -7.2109218494888925, 309, 73, 81, 1.0, 
Grayson Rodriguez, 16, 3, 0.33280528539509246, 56, 7, 4.729812280399321, 40, 4, 1.8617693530918982, 106, 2, 3.152910920604661, 139, 22, 19.421028387777042, 216, 51, 129, 1.0, 
Griffin Canning, 18, 0, 5.804900970017639, 63, 2, 7.037239510626515, 52, 13, 89.66167722560442, 108, 0, 2.8798273094037774, 119, 9, 30.245034483175644, 496, 116, 132, 1.0, 
Gunnar Hoglund, 13, 9, 8.490689274557127, 33, 9, 7.685056388129496, 17, 7, 5.231416758043906, 41, 4, 1.5938487256759224, 36, 9, 8.523584428827363, 69, 16, 48, 1.0, 
Hayden Birdsong, 8, 2, -4.413335199910678, 30, 6, -12.106335239924903, 33, 5, -2.8541519599202942, 42, 1, 137.991526750107, 65, 2, 19.539269666168025, 245, 54, 59, 1.0, 
Hayden Wesneski, 6, 3, -44.673915078217334, 14, 3, 15.305178652969033, 8, 3, -8.287591351480259, 22, 2, 62.5459119456069, 31, 0, 54.623876100781466, 231, 55, 33, 1.0, 
Hogan Harris, 6, 3, -7.287012316582906, 24, 3, 95.50299754994882, 28, 3, 55.993220751242816, 46, 6, -29.74563521144937, 56, 2, 23.1051708521594, 268, 61, 60, 1.0, 
Hunter Brown, 19, 0, 2.2668260822448114, 65, 9, -2.7525549213732887, 59, 2, 12.538529279039139, 132, 11, 1.5242782167585105, 201, 2, 66.01559290078194, 652, 158, 182, 1.0, 
Hunter Dobbins, 10, 4, 0.5574987006773711, 45, 7, 1.458858580729622, 27, 3, 0.2987562523495111, 88, 8, 1.7708573725646914, 71, 0, 0.0005144796401272212, 128, 30, 96, 1.0, 
Hunter Gaddis, 6, 0, 14.957831088340903, 18, 2, 48.74691175470855, 16, 2, 30.073684466981305, 40, 0, 83.9279802707932, 57, 8, -55.0005470401026, 227, 56, 59, 1.0, 
Hunter Greene, 22, 7, 5.0355136628747665, 64, 2, 3.025972555167824, 58, 7, 41.92992191312564, 112, 25, -57.18324994941355, 222, 1, 28.108420786647716, 515, 123, 182, 1.0, 
Hurston Waldrep, 9, 12, 1.736782536606217, 48, 18, 3.849111972554887, 53, 20, 4.415480790805255, 108, 13, 1.9826111654982341, 139, 0, 0.0029947449032323922, 114, 28, 142, 1.0, 
J.T. Ginn, 14, 4, 7.018005721917305, 49, 1, 6.260646997462178, 30, 6, -10.598139212313072, 82, 11, -8.471014777308994, 92, 9, -4.401611207379787, 213, 49, 92, 1.0, 
JP Sears, 23, 8, -14.63291356099164, 65, 5, 37.04017004953795, 37, 18, -15.765911423527996, 103, 2, 7.259543167703771, 105, 0, 6.287971407985081, 591, 139, 127, 1.0, 
JT Brubaker, 1, 7, 3.9346295224717096, 20, 1, 3.2460215775633, 18, 6, 11.73575230005764, 38, 2, 0.08048513013140024, 38, 1, 3.14761851162942, 217, 49, 47, 1.0, 
Jack Flaherty, 22, 4, 8.16018367053635, 77, 2, 15.390261010917412, 61, 14, 46.79788819415349, 129, 2, 6.852204830840401, 191, 17, 22.201229711994714, 536, 125, 165, 1.0, 
Jack Kochanowicz, 6, 0, 3.3557078760890606, 24, 0, 21.714458509484995, 14, 1, 185.49879997801776, 39, 2, -6.7155231444113355, 22, 10, 56.61341832973096, 311, 70, 38, 1.0, 
Jack Leiter, 24, 0, 0.1912287552312894, 102, 10, 42.87338020552127, 77, 22, -40.49645716128293, 136, 3, 15.36182930083082, 154, 14, -16.359762657883763, 327, 74, 162, 1.0, 
Jacob Latz, 13, 2, 3.9641434072728465, 44, 0, 2.8577272564925558, 59, 22, -61.92572636456393, 89, 21, -57.738881836500894, 114, 14, -22.146276696925156, 216, 51, 124, 1.0, 
Jacob Lopez, 20, 8, 0.9576324589844809, 62, 8, 0.9663167055565385, 56, 15, 2.839392333190439, 98, 12, 2.0123874272274485, 168, 17, 3.706403776262384, 199, 46, 135, 1.0, 
Jacob Misiorowski, 16, 0, 0.0027354621634548305, 68, 3, 0.10778228166353476, 66, 1, 0.024848176545440692, 95, 26, 8.15096365046314, 185, 1, 0.020284913635155832, 136, 33, 140, 1.0, 
Jacob deGrom, 23, 7, 3.124044071449948, 57, 6, -0.18582729435584078, 39, 38, 31.548214378703364, 99, 6, 4.029711641152808, 211, 31, -27.115762898842306, 238, 62, 179, 1.0, 
Jake Irvin, 16, 7, -10.278199520698351, 51, 11, -7.456877685760816, 31, 1, 11.516424397855882, 77, 7, -0.7776876769406087, 70, 0, 35.64935275886345, 646, 151, 92, 1.0, 
Jakob Junis, 6, 1, 5.822891677879949, 23, 3, 1.0468234022084602, 15, 8, -27.780378908635214, 52, 7, -31.019263842707062, 56, 0, 209.08873455644527, 343, 82, 66, 1.0, 
Jalen Beeks, 5, 1, -0.9738945673120032, 23, 1, 12.321021104452955, 18, 4, -31.632813151779985, 40, 4, 55.469864381223175, 44, 3, -17.585668472666974, 246, 57, 51, 1.0, 
Jameson Taillon, 24, 11, -15.963843787438115, 64, 4, 23.87429642659818, 36, 23, -87.83180745852704, 118, 9, 41.908589244139414, 124, 0, 16.289891941579384, 644, 156, 158, 1.0, 
Janson Junk, 6, 6, 1.7400421832308801, 34, 5, 1.2202701223781887, 11, 20, 17.065522913461024, 69, 1, 0.12407904906626199, 51, 4, 0.6713332151649656, 223, 55, 73, 1.0, 
Jared Jones, 12, 4, 2.140571465877895, 40, 7, 4.692140393009866, 28, 3, 0.9278145750012148, 66, 11, 12.096111148442251, 95, 14, 18.624019542721463, 151, 36, 89, 1.0, 
Jared Koenig, 5, 2, -4.649499324501615, 20, 7, -2.293709824127859, 18, 3, 4.997954018944824, 46, 2, -2.043951472409333, 57, 2, 33.396048592536715, 205, 48, 58, 1.0, 
Jason Alexander, 9, 0, 0.26661759213138536, 28, 5, 1.3740797373789704, 18, 7, 7.3135239665802345, 44, 1, 1.9561236097407506, 42, 0, 2.8102084276123485, 187, 42, 51, 1.0, 
Javier Assad, 6, 1, 6.050404008199715, 24, 0, 8.699047752830186, 22, 6, 2.7351852544380932, 49, 3, -0.4146901464740047, 45, 2, 145.0878846126307, 351, 82, 61, 1.0, 
Jeffrey Springs, 25, 10, -9.400825301316182, 70, 4, 29.81541908023323, 54, 2, 9.030137068656943, 135, 0, 31.89617204196864, 159, 17, 25.08918590798862, 407, 98, 173, 1.0, 
Jesse Scholtens, 7, 2, 2.418887469989154, 25, 4, 6.841415793653549, 15, 3, 3.002871496111201, 43, 2, 1.8218649246879977, 30, 3, 3.57810882115896, 49, 11, 44, 1.0, 
Jesus Luzardo, 20, 4, 3.010069961079574, 82, 16, 13.639899944950926, 59, 8, 26.532515898252743, 141, 20, 41.80948253923489, 198, 0, 5.1206840838604855, 543, 131, 182, 1.0, 
Joe Boyle, 10, 2, -0.008334387224283368, 57, 19, -29.365156136439083, 63, 21, 215.1016804172, 75, 4, -4.334475578885707, 116, 0, 99.38337554932016, 180, 39, 101, 1.0, 
Joe Musgrove, 19, 3, 1.7912402288318325, 61, 3, 14.465763296842086, 37, 16, 2.747542935519661, 124, 2, 5.415487069784338, 155, 6, 0.8733606257211903, 258, 62, 154, 1.0, 
Joe Ross, 6, 0, 3.8691943009628837, 26, 3, -2.1177164676000686, 18, 5, -15.77085305311175, 48, 1, 7.529140109977181, 42, 1, 31.233896463133355, 219, 50, 52, 1.0, 
Joe Ryan, 25, 14, -23.905233375036836, 69, 21, -47.27936430526562, 41, 25, -70.8096406648807, 120, 1, 16.257147967792122, 203, 13, 8.35931930599314, 625, 153, 179, 1.0, 
Joey Cantillo, 17, 3, 1.0662895298066237, 60, 8, -6.739556905945669, 59, 10, 94.75452745260841, 104, 4, 7.345464783114271, 165, 20, -17.138233714653367, 225, 53, 143, 1.0, 
Joey Estes, 4, 2, 3.9634820637416066, 15, 1, 3.3508079174020065, 6, 3, 13.62721759156982, 23, 4, 23.761941317448095, 20, 0, 0.2969683226444585, 162, 38, 27, 1.0, 
Joey Lucchesi, 4, 1, 0.17225354793506997, 18, 0, 11.379959019762119, 15, 1, 3.248188292580494, 38, 3, 0.42816764655606576, 36, 2, 17.35520242265489, 113, 26, 47, 1.0, 
Joey Wentz, 7, 1, 4.930493020484199, 32, 1, 40.837816551908155, 24, 3, 48.98448230812407, 51, 0, 61.205587771030075, 54, 5, 10.952756198711143, 343, 75, 54, 1.0, 
Johan Oviedo, 14, 0, 13.126521313112573, 45, 9, -2.3587134766760087, 57, 7, 0.09630263964576002, 65, 21, 1.6319699472337845, 108, 2, 1.6060880695256219, 278, 63, 108, 1.0, 
Jon Gray, 13, 0, 3.634486568846118, 55, 1, 5.070379419857033, 34, 0, 6.407894404935142, 101, 5, 8.68636547166577, 101, 9, 39.23909385082183, 269, 64, 115, 1.0, 
Jonathan Cannon, 17, 1, 0.020416108605079142, 62, 4, 7.0944739270327055, 38, 6, 13.494406052309, 95, 6, 106.86133591331262, 84, 1, -0.20446147314220697, 395, 90, 106, 1.0, 
Jordan Hicks, 5, 6, -66.87074398462788, 32, 7, -48.18886521320047, 25, 4, 8.311445074397191, 50, 3, 3.5087427833434717, 48, 3, 16.3275601178427, 335, 75, 52, 1.0, 
Jordan Montgomery, 10, 4, 4.137871797462712, 50, 5, 1.3232525151296155, 29, 3, 6.117323936612714, 90, 5, 7.5466792362157715, 70, 5, 14.556149189426097, 338, 80, 89, 1.0, 
Jordan Wicks, 7, 3, 4.071320739235526, 26, 4, 8.281930489997354, 18, 1, 1.417801811767081, 43, 2, 2.000929174072141, 40, 8, 26.522795095432123, 77, 17, 46, 1.0, 
Jose Berrios, 17, 6, -15.04368239589014, 50, 7, -6.139341263502061, 35, 0, 9.94693201932195, 91, 0, 22.027974765610814, 96, 9, -17.510843726191354, 754, 179, 116, 1.0, 
Jose Butto, 4, 7, -43.95247039598421, 22, 11, -144.56706192057098, 27, 1, 5.083234947161138, 39, 2, 148.11992881868645, 51, 0, 32.37977483222381, 234, 56, 55, 1.0, 
Jose Quintana, 17, 0, 14.121619096123439, 61, 2, 38.20968432660574, 51, 11, -20.078159168529126, 116, 0, 13.476422606479172, 108, 3, 47.94419334928051, 567, 135, 146, 1.0, 
Jose Soriano, 15, 20, -32.78373505100156, 79, 21, -25.66047306512273, 78, 12, -5.119758841270453, 141, 0, 32.691843600460835, 166, 16, -23.89204708100327, 426, 100, 177, 1.0, 
Jose Suarez, 7, 1, 13.277855484722263, 29, 5, 10.26999224906416, 21, 4, 18.716804685354752, 41, 0, 0.09407807845831483, 42, 1, 17.006197954736315, 144, 32, 42, 1.0, 
Jose Urena, 5, 1, 11.617392518343935, 16, 1, 15.97216575177449, 13, 4, -65.46733798881823, 29, 0, 49.284108577837145, 21, 6, -151.24191109234738, 335, 76, 33, 1.0, 
Jose Urquidy, 21, 3, 2.9927513865254483, 66, 2, 1.7837469751856758, 43, 10, 5.882063561644625, 102, 4, 2.4203756075350125, 95, 12, 27.185573717389616, 95, 22, 124, 1.0, 
Josiah Gray, 20, 3, 17.638299375300562, 57, 10, 48.082046373468835, 56, 1, 12.038823965351304, 89, 0, 0.1971377176989852, 110, 6, 3.1857131838323323, 134, 30, 117, 1.0, 
Julian Aguiar, 8, 3, 9.366949507510427, 23, 5, 20.966746880129165, 13, 3, 6.033113123423441, 25, 5, 20.179168409569716, 22, 12, 93.62993035851355, 42, 9, 34, 1.0, 
Justin Steele, 7, 3, 0.7667128655944557, 29, 8, 2.1973259107607426, 23, 2, 25.348839292228924, 66, 2, 29.05800700189329, 83, 4, 2.4970806125339546, 297, 71, 83, 1.0, 
Justin Verlander, 17, 0, 6.163134370681793, 66, 5, 39.17101471482481, 44, 2, 25.194188158885133, 126, 6, 55.71478930222827, 130, 4, 81.61291981353112, 598, 144, 146, 1.0, 
Justin Wrobleski, 8, 0, 28.687275721482834, 29, 2, 27.42398217787938, 18, 7, 8.460759024705766, 45, 7, -28.440289237626004, 53, 0, 102.18614105856473, 173, 40, 54, 1.0, 
Kai-Wei Teng, 2, 2, 1.265682697197521, 21, 10, 24.05685335860602, 17, 5, 5.5442189801268, 28, 6, 10.529141997886654, 42, 1, 0.2827872537931415, 69, 14, 32, 1.0, 
Keegan Thompson, 4, 1, 3.836966338908057, 15, 3, 67.28765778031612, 22, 5, 10.112090360206047, 23, 6, 20.608316805464447, 42, 3, 96.7885552291619, 122, 28, 39, 1.0, 
Keider Montero, 15, 4, -2.5876495467244442, 43, 5, -3.917324798993416, 28, 2, 63.60925941717022, 74, 6, 9.53309179366407, 67, 1, 34.18568577455425, 320, 75, 85, 1.0, 
Kevin Gausman, 19, 1, 0.36090913507945, 73, 0, 3.8762870204514805, 51, 7, 9.316526429850267, 140, 9, 102.56841896388552, 185, 0, 73.07992974826452, 754, 183, 184, 1.0, 
Kodai Senga, 12, 2, 0.2930116848731579, 41, 14, 8.1971062002035, 56, 1, 50.87877032774166, 82, 6, 3.800239635768456, 120, 8, 7.9121499688110575, 370, 87, 117, 1.0, 
Konnor Pilkington, 10, 7, 27.616438843482214, 24, 2, 34.79305543446181, 29, 5, -0.9289642030879293, 30, 9, 9.008056779339583, 57, 12, 11.710334219755765, 108, 24, 51, 1.0, 
Kris Bubic, 10, 10, -13.637418048164548, 48, 19, -26.88921005163722, 42, 4, 87.88508376811752, 118, 6, 44.48897536413597, 157, 12, 3.8540898689840546, 343, 79, 146, 1.0, 
Kumar Rocker, 22, 1, 0.04444732056885692, 80, 9, 1.1134047005671874, 48, 16, 3.7129243405105896, 116, 23, 7.217002581088664, 110, 5, 0.3473898121449901, 143, 32, 127, 1.0, 
Kutter Crawford, 16, 7, 5.489538245965473, 49, 9, 3.6503514060494098, 30, 3, 0.21999279082732048, 74, 19, 14.197981218870908, 101, 1, 12.252597687352113, 270, 64, 102, 1.0, 
Kyle Bradish, 13, 3, 2.7974957660526423, 47, 0, 3.199764976461452, 52, 17, -46.41803699897696, 96, 20, -84.36710827424957, 202, 2, 38.915487243776994, 367, 89, 151, 1.0, 
Kyle Freeland, 27, 6, 4.247209594485772, 97, 12, -18.493391908129055, 45, 16, -32.101529804687736, 179, 17, -33.33817570309653, 130, 0, 32.946604295366456, 660, 151, 177, 1.0, 
Kyle Harrison, 9, 1, 24.534910611548668, 32, 0, 138.21058250706594, 24, 1, 2.5927466913262736, 57, 2, 37.13518265816471, 69, 0, 12.240805374098596, 258, 59, 67, 1.0, 
Kyle Hart, 13, 2, 0.39815454625656344, 41, 5, 1.7235236561567007, 21, 13, 10.165958292785419, 45, 13, 9.960713709680817, 55, 1, 0.08719465233877421, 89, 21, 65, 1.0, 
Kyle Wright, 13, 3, 1.2705095031943028, 58, 10, 8.99111967404442, 42, 3, 1.363315568086859, 90, 0, 4.515039467741039, 93, 11, 25.725915973317512, 89, 21, 90, 1.0, 
Lance McCullers Jr., 21, 2, 0.4326762791098895, 84, 25, -4.059951439987003, 80, 18, 24.6427305046398, 113, 26, 19.792484155957737, 131, 25, 5.727378006794169, 133, 29, 122, 1.0, 
Landen Roupp, 11, 9, -5.240234918327911, 55, 18, -27.5183527533234, 58, 1, 2.9834763190832456, 114, 10, 30.914760647591137, 123, 19, -45.96714607733952, 277, 62, 127, 1.0, 
Landon Knack, 6, 4, -49.16510113202881, 14, 4, -46.71880004309267, 11, 2, -14.0586186523836, 20, 1, -6.8812299488457835, 30, 0, 16.033173821906857, 188, 44, 30, 1.0, 
Logan Allen, 14, 2, 0.08450115443419381, 60, 2, 39.86031230299427, 43, 14, -47.68360309331865, 111, 0, 60.37266893223801, 94, 4, 3.337379973807426, 415, 95, 119, 1.0, 
Logan Evans, 9, 2, 0.4051178836512328, 28, 2, 0.5175321696506376, 21, 6, 3.1188700612297353, 51, 9, 6.081421462870779, 42, 0, 0.04214165552524374, 175, 40, 58, 1.0, 
Logan Gilbert, 22, 8, -6.499943306479118, 60, 10, -6.395832150046928, 38, 21, -73.01688774842881, 107, 6, -1.4497076832504163, 189, 23, -56.152841362801894, 718, 178, 164, 1.0, 
Logan Webb, 15, 15, -23.78419321782946, 75, 22, -42.56204834702548, 47, 23, -53.35459168485829, 180, 20, 14.82665763087725, 190, 22, -12.414820961745875, 833, 204, 199, 1.0, 
Lucas Giolito, 22, 5, 10.915330952720804, 71, 2, 15.931148111796166, 63, 6, 58.056075612200814, 130, 1, 2.6515585587107418, 150, 18, -11.3620997344468, 491, 114, 167, 1.0, 
Luis Castillo, 22, 5, -2.36449457529858, 70, 0, 4.882552604906123, 49, 9, -11.039952570907403, 139, 4, 3.9346960087563083, 177, 14, -3.343669619464798, 720, 175, 181, 1.0, 
Luis Garcia, 4, 3, 0.16564789804181146, 23, 0, 10.549837066153176, 19, 6, 57.46131179743023, 48, 4, 71.47822814481471, 49, 1, 218.5226447605238, 215, 50, 53, 1.0, 
Luis Gil, 13, 3, -0.48996781083411634, 48, 6, -3.414395660166198, 65, 30, 81.65150214630131, 86, 12, -7.596099605196223, 110, 2, 42.342845865420955, 352, 83, 126, 1.0, 
Luis Medina, 13, 11, 6.70113924196923, 64, 1, 1.039572696603824, 54, 10, 4.726659253438301, 100, 21, 30.237874082887473, 93, 0, 32.38700527983579, 145, 32, 109, 1.0, 
Luis Morales, 17, 9, 1.3983510786777718, 39, 7, 0.9947448739422224, 41, 13, 3.005334266360393, 70, 5, 0.4400142779337184, 103, 10, 1.745141189657435, 99, 24, 114, 1.0, 
Luis Severino, 23, 0, 19.557595967002005, 90, 2, 2.4244068895246476, 58, 2, 1.5959226468513306, 156, 15, -26.026633378116593, 151, 0, 96.39131204333795, 572, 133, 180, 1.0, 
Luke Weaver, 8, 2, 29.758386034104753, 25, 2, 33.00141128242457, 19, 1, 33.393358810802916, 40, 8, 114.31490746521621, 66, 0, 94.91690034547928, 332, 76, 59, 1.0, 
MacKenzie Gore, 21, 0, 16.596542306816854, 83, 11, 25.389556912483357, 75, 14, -13.476478991601716, 151, 12, 13.577293641713538, 202, 15, 74.9062417759158, 575, 132, 178, 1.0, 
Marcus Stroman, 19, 4, -1.875212893396311, 82, 4, 0.9136265004696469, 54, 9, -3.1429645548202743, 134, 12, 6.945889041383651, 104, 6, 19.3994049271991, 498, 116, 142, 1.0, 
Martin Perez, 16, 0, 7.305079912716423, 58, 1, 3.0667411532682562, 48, 13, -44.211603471194024, 105, 17, 13.217238130022963, 103, 5, 17.786214913982636, 561, 132, 133, 1.0, 
Mason Black, 8, 1, 0.5754339591905775, 32, 0, 0.06928690123010794, 18, 2, 1.5664765135370204, 48, 0, 0.26162654187673656, 36, 9, 35.56807463142797, 50, 10, 44, 1.0, 
Mason Miller, 5, 1, 4.291584948307401, 18, 0, 0.681933139335519, 25, 2, 38.22902367046852, 27, 10, -68.2319573103081, 91, 19, -337.3653797739262, 192, 49, 59, 1.0, 
Matt Strahm, 5, 1, 2.4184013932635686, 17, 2, 42.37034056542456, 16, 3, 46.177372850848975, 37, 3, 55.85332903478906, 70, 0, 51.399521255911104, 259, 63, 58, 1.0, 
Matt Waldron, 4, 2, 8.880101096340018, 13, 5, 19.479771154515305, 7, 0, 0.607115322683847, 21, 0, 7.471273794986102, 23, 2, 8.364699714114673, 171, 40, 26, 1.0, 
Matthew Boyd, 18, 0, 1.2262540372638628, 63, 4, 6.8379825851973495, 49, 10, 8.403900541488724, 127, 4, 34.797883684859215, 164, 11, 29.459244781694395, 367, 89, 168, 1.0, 
Matthew Liberatore, 19, 1, 4.723983753225461, 77, 1, 44.944246602399225, 48, 2, 43.22627172667147, 140, 3, 6.804856638829092, 126, 3, 71.49559056547703, 360, 83, 153, 1.0, 
Max Fried, 15, 10, -14.170693156881963, 64, 24, -63.99775778500245, 52, 7, 15.45783069437882, 147, 10, -11.10670971903151, 183, 3, 8.433063980452829, 639, 157, 188, 1.0, 
Max Meyer, 26, 11, -14.726405326267852, 76, 0, 9.52887588548993, 45, 19, -42.492115716931835, 121, 0, 5.633806452504788, 130, 3, 1.3748934849224836, 213, 48, 134, 1.0, 
Max Scherzer, 23, 16, -50.5419292088976, 62, 20, -35.774102295190175, 34, 9, -7.7976584201868135, 101, 4, -3.465188099934707, 132, 6, -5.9677503532132015, 430, 106, 132, 1.0, 
McCade Brown, 17, 4, 0.9520783612699866, 63, 2, 0.32872958499052674, 49, 10, 4.23615277949969, 73, 15, 9.555873564881637, 69, 4, 0.8700402458564831, 63, 12, 75, 1.0, 
Merrill Kelly, 22, 4, -1.4504678737538672, 72, 3, 15.259061453427304, 51, 6, 15.921797798056158, 134, 12, -1.4018733869048958, 165, 8, 89.22643368098225, 643, 158, 180, 1.0, 
Michael King, 21, 5, 7.0172306166496785, 61, 4, 1.2017864785572652, 59, 11, -13.988008249805485, 124, 10, 90.12776141709051, 194, 7, 13.838767965364166, 416, 100, 174, 1.0, 
Michael Kopech, 6, 3, 7.497468111437904, 19, 6, 28.75706234317316, 24, 5, 32.31227046470622, 26, 1, 4.39530209152531, 55, 6, 24.991907278066336, 227, 52, 46, 1.0, 
Michael Lorenzen, 20, 7, 4.691994836550101, 64, 10, 41.53107916403851, 48, 7, 59.99131530755648, 112, 2, 92.46471127570136, 120, 10, -5.76340061368407, 544, 130, 143, 1.0, 
Michael McGreevy, 18, 1, 0.016457486285633927, 70, 4, 0.18777438425899007, 32, 19, 4.320872751998266, 131, 7, 0.6775218520105089, 89, 27, 8.100464362382766, 200, 47, 141, 1.0, 
Michael Soroka, 22, 8, -4.53277350619933, 75, 20, -74.02921814959828, 58, 2, 11.687248274462103, 102, 15, 14.01240738716541, 148, 13, -23.310847374687526, 270, 62, 143, 1.0, 
Michael Wacha, 16, 3, 0.4722149755268408, 65, 0, 18.04786224254984, 45, 8, -4.561520787208337, 135, 10, 38.08628511878044, 134, 12, 2.2089966110549, 617, 149, 164, 1.0, 
Mick Abel, 20, 11, 2.5113607191918383, 71, 22, 9.426419657913726, 44, 1, 0.04866822805308024, 98, 9, 1.8432458230555682, 109, 10, 2.0425828533176436, 87, 19, 108, 1.0, 
Mike Burrows, 17, 4, 0.2621861878476097, 59, 5, 0.4134529088665042, 43, 5, 0.30805050677764445, 108, 6, 0.4628314517066352, 137, 5, 0.3791938919623563, 201, 48, 137, 1.0, 
Mike Clevinger, 7, 1, 2.5460022263924387, 22, 3, 6.006273597947611, 16, 0, 0.032110791885165926, 41, 0, 3.7793865461143743, 43, 5, 7.831458944322744, 103, 24, 53, 1.0, 
Miles Mikolas, 23, 7, -5.480859899786587, 79, 8, -2.3910440584161243, 32, 22, -88.62509070315491, 136, 5, 16.40667362570855, 101, 13, -24.421133601394956, 763, 182, 147, 1.0, 
Mitch Keller, 21, 1, 2.3992613326914656, 80, 15, -16.955050651124267, 52, 3, 5.41557376281548, 151, 16, -29.329844680429133, 158, 14, 28.2105049645277, 758, 176, 177, 1.0, 
Mitch Spence, 5, 2, 1.468348989992272, 19, 1, 2.9867580528259943, 11, 0, 0.7062358491779902, 35, 0, -0.05409119412176522, 28, 3, -14.250015583447016, 410, 94, 36, 1.0, 
Mitchell Parker, 10, 1, -0.644439196344456, 43, 11, -40.43167697120269, 25, 3, 6.034448648773354, 72, 1, 31.15489351214506, 58, 12, -52.216769754922524, 548, 126, 78, 1.0, 
Nathan Eovaldi, 18, 1, 14.44012411161085, 54, 13, 20.53779651434737, 39, 22, -37.175595909257936, 117, 6, 35.224811706766104, 167, 1, 17.694744872233333, 557, 138, 172, 1.0, 
Nick Lodolo, 22, 8, 16.906458981835133, 70, 7, 84.14747464075822, 41, 14, -1.6691476917355885, 124, 5, 99.80900573364028, 164, 15, 74.86143844322942, 435, 102, 153, 1.0, 
Nick Martinez, 18, 0, 4.551273025749493, 65, 7, 52.00644520860028, 39, 15, 51.254289584705845, 125, 6, 3.3126096580956386, 122, 4, 30.56264624195218, 540, 130, 155, 1.0, 
Nick Pivetta, 26, 12, -1.687766000064606, 71, 20, -8.063449404849948, 54, 4, 24.17900251411092, 121, 0, 6.811648172010557, 208, 16, -3.909141542199677, 669, 161, 189, 1.0, 
Noah Cameron, 18, 3, 0.14955109289507784, 47, 5, 0.31308999335572274, 45, 3, 0.12062660892128307, 94, 14, 2.1882284154949545, 124, 27, 7.890314192167423, 278, 69, 146, 1.0, 
Nolan McLean, 13, 3, 0.13690579123487834, 39, 22, 4.454585104759779, 52, 5, 0.26278533617660127, 100, 11, 1.132685997824158, 188, 1, 0.010438316215176671, 94, 24, 158, 1.0, 
Pablo Lopez, 19, 1, 9.87186486171263, 67, 7, 67.64838184615527, 46, 12, -16.507109222673733, 140, 0, 33.48887900685691, 182, 5, 19.503314218530505, 655, 158, 178, 1.0, 
Parker Messick, 13, 1, 0.05443489778777155, 40, 19, 5.248399071771949, 22, 27, 10.486017471286672, 127, 48, 33.63989017642274, 121, 2, 0.09028587082919803, 82, 19, 125, 1.0, 
Patrick Corbin, 20, 2, 1.485635075789363, 78, 6, 38.098829300561206, 45, 2, 4.497851388131458, 138, 1, 59.90563939625975, 113, 16, -24.063744249141976, 732, 165, 142, 1.0, 
Patrick Sandoval, 11, 9, 6.099476452224607, 58, 6, 27.200375876679438, 50, 9, 4.850439915713228, 106, 7, 11.263740607320077, 112, 1, 9.495697788211235, 273, 61, 113, 1.0, 
Paul Blackburn, 10, 0, 6.7478651178473985, 41, 1, 12.79616151239086, 21, 4, -7.986088706978009, 66, 3, 33.2838550567591, 57, 9, -11.619816205131485, 355, 82, 68, 1.0, 
Paul Skenes, 13, 10, -5.011627185899988, 45, 30, -50.75766290115175, 47, 23, -28.794811153174805, 126, 5, 1.4303076584284575, 229, 2, 35.18373169270974, 498, 128, 191, 1.0, 
Pedro Avila, 3, 1, 3.6445962594620154, 15, 0, 11.6421585085745, 17, 5, 42.301755993164235, 30, 1, 23.10725525481353, 39, 1, 1.6686565067806498, 123, 28, 39, 1.0, 
Quinn Priester, 22, 2, 4.3684697858621115, 80, 2, 29.688252814843402, 55, 4, 32.233540006075216, 145, 1, 58.49909467740033, 126, 5, 46.25579014219321, 343, 79, 165, 1.0, 
Randy Vasquez, 18, 0, -0.03253685430007214, 64, 2, 31.63672287407186, 53, 7, 21.348652399692753, 126, 13, -8.99010883836732, 97, 31, -162.62776626734524, 361, 83, 144, 1.0, 
Ranger Suarez, 16, 5, -5.146685315644229, 66, 11, -11.033956534179218, 48, 8, 0.6410448896088639, 146, 12, -7.032819106086137, 161, 6, 14.040211142107784, 619, 146, 169, 1.0, 
Reese Olson, 11, 6, -2.996606239920304, 51, 6, 4.697188521707268, 44, 7, 0.4284018654451174, 105, 6, 20.143502597348228, 127, 8, -1.1602216811963082, 363, 87, 134, 1.0, 
Reid Detmers, 18, 1, 21.482850085193878, 75, 4, 147.65814150475782, 57, 5, 33.84301750239439, 119, 2, 46.23037466592948, 170, 8, 115.48105938767333, 460, 106, 140, 1.0, 
Reynaldo Lopez, 10, 5, 5.982902525723787, 37, 21, 7.479277776646896, 44, 1, 16.281299601420194, 90, 2, 43.3933211357387, 144, 14, 8.385349832940832, 179, 44, 127, 1.0, 
Rhett Lowder, 1, 14, 22.079161182140425, 15, 32, 110.84008299878798, 36, 19, 38.83296414943127, 68, 6, 4.664337106399636, 61, 3, 1.4310469107576296, 38, 9, 83, 1.0, 
Richard Fitts, 24, 10, 2.0044712629311654, 60, 5, 0.676150161668823, 39, 14, 3.9986837177423737, 78, 16, 5.4598759595600015, 93, 6, 0.8649948611189462, 97, 22, 106, 1.0, 
Robbie Ray, 26, 11, 19.066472623923556, 79, 18, 144.9006757613409, 79, 13, 82.56870975874978, 111, 4, 18.11225056813545, 212, 3, 1.844172152811796, 481, 116, 181, 1.0, 
Roddery Munoz, 14, 10, 30.17068712453686, 34, 10, 31.203893022428645, 24, 4, 7.151676566546943, 38, 3, 4.011526719192578, 42, 0, 0.03104892937311851, 113, 24, 49, 1.0, 
Roki Sasaki, 21, 2, 0.1098662724968189, 66, 18, 4.3843700458624895, 74, 31, 13.466157735395143, 89, 29, 11.359720418144406, 102, 13, 2.5581199731913458, 80, 18, 129, 1.0, 
Ryan Bergert, 7, 1, 0.17610411532245718, 27, 3, 0.65759513936072, 31, 7, 2.725539651418586, 45, 1, 0.19194127827707863, 64, 7, 2.6827349099382722, 161, 38, 65, 1.0, 
Ryan Feltner, 13, 3, 24.124290206725966, 60, 2, 67.92521380868004, 43, 9, 0.1428697690000007, 104, 4, 19.045641979124184, 91, 12, -9.317584240745148, 364, 83, 110, 1.0, 
Ryan Gusto, 6, 1, 0.5703603907051003, 23, 4, 3.0019992135537024, 13, 2, 0.9941189733117657, 35, 0, 3.583091475209551e-05, 36, 5, 5.550818047288921, 226, 50, 37, 1.0, 
Ryan Pepiot, 24, 10, -16.118902506434925, 66, 18, 9.867339405876834, 61, 11, 87.03971504412152, 108, 0, 53.02410199105975, 179, 0, 68.3158941591059, 384, 93, 174, 1.0, 
Ryan Walker, 4, 3, -5.834152647285187, 20, 2, 75.38221312239061, 16, 3, 5.1431314747815335, 44, 2, 102.85441368057572, 61, 0, 7.884897461071994, 259, 62, 56, 1.0, 
Ryan Weathers, 22, 10, -11.035044984047516, 67, 4, 0.6650532844682324, 46, 4, 19.316943634653974, 117, 8, -2.6644016197938747, 133, 3, 7.811456652410139, 244, 56, 143, 1.0, 
Ryan Yarbrough, 11, 5, 0.4708066201099044, 33, 3, 31.856597765489308, 21, 2, 24.919566550524387, 55, 10, -49.336476575863486, 58, 2, 83.05020986745807, 348, 82, 75, 1.0, 
Ryne Nelson, 19, 0, 3.0726336158414873, 71, 2, 14.78751381959201, 44, 11, -7.460805305065193, 132, 14, -23.35081265533342, 132, 18, -7.48199511192135, 579, 138, 163, 1.0, 
Sandy Alcantara, 23, 11, -0.14975640416804126, 99, 3, 9.063065521438393, 60, 28, -18.580923405399616, 149, 6, 7.764612688769407, 154, 4, 11.29274441253396, 558, 136, 186, 1.0, 
Scott Alexander, 2, 2, 6.25703113815813, 13, 3, 19.011541383517653, 11, 1, 28.746245069857075, 29, 0, 37.113676346733364, 26, 0, 23.707951654091747, 79, 18, 35, 1.0, 
Sean Burke, 24, 10, 1.1298834529991684, 69, 5, 0.34046577248428367, 72, 14, 2.0458585932359554, 117, 28, 8.239554733849516, 150, 9, 0.8306013425302687, 298, 67, 150, 1.0, 
Sean Manaea, 24, 10, -5.653765421296548, 79, 19, -66.9858808833833, 44, 17, 134.07452432039747, 116, 15, 25.360641883438475, 170, 28, -113.21857460166038, 542, 129, 152, 1.0, 
Seth Lugo, 22, 6, 17.182624738121284, 66, 2, 47.940629960378764, 50, 1, 48.37261065213926, 123, 8, -6.124940729066328, 143, 5, 101.01651695017293, 580, 140, 161, 1.0, 
Shane Baz, 23, 4, 0.24713596757007394, 78, 1, 4.824536140840862, 60, 0, 12.81245009752367, 124, 24, 9.59739156753065, 166, 6, 13.449008499651615, 332, 78, 165, 1.0, 
Shane Bieber, 23, 13, 8.7616807417958, 57, 13, 16.88453210915818, 31, 23, -20.336443135013468, 103, 11, 2.853870203519577, 136, 1, 14.433289224447602, 346, 85, 149, 1.0, 
Shane McClanahan, 16, 3, 0.44065979637103087, 48, 8, 2.805458203309054, 43, 1, 11.069496547822087, 94, 22, 17.984467782059923, 151, 7, 6.943862240055068, 111, 28, 139, 1.0, 
Shane Smith, 19, 1, 0.028484101797475625, 69, 4, 0.18584240541943142, 68, 33, 9.341242358523672, 110, 1, 0.029023703998644013, 162, 9, 0.8034024195184415, 308, 73, 162, 1.0, 
Shawn Armstrong, 5, 4, -20.615820721423553, 21, 4, -6.452441783867329, 18, 3, -4.363269454556807, 43, 1, 135.07396662403949, 61, 1, 37.1230568088079, 263, 63, 61, 1.0, 
Shohei Ohtani, 10, 3, 8.093368006652, 38, 0, 8.76665764246819, 31, 16, -3.427641254419541, 86, 13, 19.638445351021133, 158, 13, 96.58596568558872, 321, 80, 122, 1.0, 
Shota Imanaga, 26, 17, -21.33466223638925, 54, 16, -5.069728188758987, 29, 27, -68.23219286356772, 93, 9, 17.936338229059462, 133, 14, 65.48267097714084, 504, 126, 148, 1.0, 
Simeon Woods Richardson, 17, 3, -0.9806934249595045, 56, 4, 2.8911286282665802, 50, 9, 63.937511056265606, 93, 4, -0.8698160729651905, 118, 15, -28.60696287668172, 416, 97, 124, 1.0, 
Slade Cecconi, 27, 11, -14.376925431267743, 86, 10, 6.003652351799168, 38, 25, -74.48208975757407, 134, 12, 2.9004265366656696, 124, 17, -30.482034119133417, 308, 73, 156, 1.0, 
Sonny Gray, 20, 2, 12.162684698626496, 74, 12, 35.650291689605005, 43, 17, -30.10273774579538, 142, 12, -1.7447151432764585, 194, 20, -21.343909168541387, 666, 162, 176, 1.0, 
Spencer Arrighetti, 13, 0, 2.9330841217654604, 47, 0, -0.11313688566423713, 43, 8, 33.065810005579436, 63, 8, 41.321040290875445, 85, 3, 61.745972520519274, 315, 72, 85, 1.0, 
Spencer Schwellenbach, 18, 0, -0.023950437451943835, 57, 2, 11.507769359452517, 32, 30, -70.3834219818392, 115, 8, 54.158964235344094, 162, 8, -5.107715060298274, 373, 93, 163, 1.0, 
Spencer Strider, 22, 4, 1.9315151517334757, 74, 3, 48.72595162205257, 62, 5, 20.789371423381, 126, 14, 87.85460131817302, 189, 3, 20.345506086381377, 427, 103, 160, 1.0, 
Spencer Turnbull, 8, 0, 0.19097855013402945, 31, 1, 9.676356897841918, 27, 8, 8.062567190644476, 50, 3, 3.0036907150082, 67, 10, 15.56657652398303, 78, 18, 70, 1.0, 
Stephen Kolek, 7, 6, -7.648054162414468, 36, 6, 33.83524462497146, 21, 7, -2.2179697851834277, 71, 5, 3.623824564987771, 57, 0, 95.40772639589295, 268, 63, 76, 1.0, 
Steven Matz, 16, 0, 4.01106853437784, 58, 0, 27.103850841787406, 32, 16, 44.84596975097472, 117, 8, 17.717149929654603, 107, 1, 7.19821210556028, 288, 68, 132, 1.0, 
Taijuan Walker, 21, 7, 20.849112598044336, 65, 4, 42.64949025308827, 43, 5, 2.58874059247643, 108, 10, -22.515103536354914, 85, 4, 6.19431064384929, 575, 133, 117, 1.0, 
Taj Bradley, 18, 1, 42.08681570517443, 63, 7, 56.82740542347261, 45, 5, 16.05660345348934, 91, 0, 14.920536952114396, 121, 1, 40.8195879090166, 509, 119, 119, 1.0, 
Tanner Bibee, 23, 5, 0.733733743438215, 76, 4, 30.974307097023395, 52, 3, 4.714033385978513, 141, 11, -10.584751773622887, 176, 4, 81.89413385797342, 637, 154, 182, 1.0, 
Tanner Gordon, 29, 13, -6.4444798160350345, 101, 14, 130.17011833615996, 31, 34, -138.72103843237534, 145, 8, 78.37211844412836, 100, 17, -28.158746746242457, 198, 43, 128, 1.0, 
Tarik Skubal, 16, 5, -1.2554515122976504, 55, 17, -28.25721546834646, 40, 37, -158.83653822540447, 129, 7, -1.963464475582418, 235, 9, -0.6266458396848371, 572, 146, 195, 1.0, 
Tobias Myers, 6, 1, 4.947942191279818, 22, 8, -42.42345542343621, 16, 1, 1.196634674104688, 52, 0, 4.428223496255413, 47, 0, 15.222438602941779, 315, 75, 58, 1.0, 
Tomoyuki Sugano, 27, 16, 3.065139907810405, 73, 0, 0.00397235595181937, 34, 15, 2.721020264406498, 128, 14, 2.409515760441735, 97, 13, 1.888141529986779, 337, 78, 142, 1.0, 
Trevor Rogers, 15, 10, -4.479446638570256, 61, 11, 41.90625245693659, 56, 9, 65.29996971297507, 129, 3, 7.998219377121233, 151, 1, 12.007484292272439, 423, 98, 170, 1.0, 
Triston McKenzie, 6, 5, 25.407204244771115, 15, 5, 24.809290261239262, 17, 3, 33.37449187802824, 20, 0, 0.22089785521789657, 30, 1, 7.241590062244221, 199, 49, 31, 1.0, 
Tyler Alexander, 11, 2, 37.19406565472808, 44, 6, -23.205242130338185, 21, 6, 26.250635287221044, 76, 3, 85.51834976674701, 68, 9, -9.850223397641088, 371, 87, 82, 1.0, 
Tyler Anderson, 23, 2, 6.279802140305042, 70, 8, 24.194200838471247, 58, 1, 49.68969827880305, 113, 3, 13.60886777139098, 114, 6, 26.297882850237425, 675, 158, 144, 1.0, 
Tyler Gilbert, 5, 0, 15.74126770588794, 22, 0, 32.2029816017702, 23, 4, 0.5272592804043121, 34, 0, 1.9478398557236216, 46, 6, 5.13452845486227, 102, 24, 50, 1.0, 
Tyler Glasnow, 16, 2, -0.9659356978709037, 53, 10, -14.693985334937555, 54, 16, 74.1035032480861, 85, 26, -82.14216167891365, 180, 7, 33.23042253211399, 425, 106, 147, 1.0, 
Tyler Holton, 8, 2, 26.388329574310497, 21, 2, 16.397824668280574, 14, 9, -77.2179245143922, 39, 9, -59.03958222501123, 53, 2, 88.76178357206945, 306, 79, 64, 1.0, 
Tyler Mahle, 13, 4, 31.4072066074491, 44, 19, 49.8591645279825, 45, 0, 27.07526042951687, 107, 6, 1.4673712746589498, 125, 0, 14.373023741584072, 221, 54, 145, 1.0, 
Tyler Phillips, 9, 1, 14.939339453335391, 29, 3, 32.382128250799994, 17, 6, 61.34079187343764, 51, 5, -7.475251080073157, 43, 2, 44.89119258975455, 189, 45, 60, 1.0, 
Tyler Wells, 17, 11, 11.323667256595428, 40, 13, 13.4756268949784, 27, 2, 1.076355525966497, 57, 12, 12.682777871665149, 87, 2, 2.488553350886801, 89, 22, 97, 1.0, 
Wade Miley, 6, 0, 1.5158536852906077, 19, 3, 2.65853509744961, 17, 2, 3.352206362414913, 38, 4, 8.0856974969034, 37, 5, 12.107962601572323, 64, 15, 53, 1.0, 
Walker Buehler, 24, 1, 2.9727620918212816, 73, 4, 6.583500626282682, 56, 1, 29.15634527289349, 116, 16, -16.08707122911072, 105, 14, 0.6449487883847098, 343, 77, 131, 1.0, 
Will Warren, 22, 2, 1.2450655277884488, 98, 15, 291.76053890002936, 57, 9, 29.274802979044296, 133, 2, 192.21020682277853, 150, 25, 225.79686799942192, 328, 73, 133, 1.0, 
Yariel Rodriguez, 3, 0, 0.11403476239318422, 12, 2, -7.210369919196907, 14, 3, 102.51695496453728, 20, 0, 11.294768634525337, 30, 2, -10.13193686025641, 266, 63, 32, 1.0, 
Yoendrys Gomez, 15, 1, 0.0703721731331034, 48, 1, 0.09221769812386049, 36, 1, 0.06050212747601247, 64, 5, 0.9672034272473855, 76, 10, 3.623090550974112, 138, 31, 83, 1.0, 
Yoshinobu Yamamoto, 13, 4, -1.8592750781554122, 49, 6, 4.2678805793662296, 49, 1, 21.097606256536647, 106, 4, 106.66572632060132, 189, 7, -3.8522235768075923, 420, 105, 162, 1.0, 
Yusei Kikuchi, 24, 10, -8.553151347996053, 78, 17, -19.085529524669326, 62, 12, 57.47538291647198, 146, 18, -7.9708776330595725, 190, 0, 21.738132980991544, 665, 155, 178, 1.0, 
Zac Gallen, 25, 5, -3.8345393246851893, 89, 9, -4.997294277605842, 64, 12, 47.649820512288976, 148, 9, -3.324050035649929, 186, 19, -47.24950895052937, 748, 183, 192, 1.0, 
Zach Eflin, 25, 13, -3.17411557881411, 74, 16, 3.3577381380818565, 27, 29, -187.37200284901215, 129, 8, 6.679510542205961, 113, 0, 36.589620295837435, 502, 122, 143, 1.0, 
Zack Littell, 27, 13, -19.6952113286795, 75, 2, 11.608224015076157, 36, 31, -133.50967169365998, 144, 0, 50.5981860709107, 139, 8, 52.00801285862771, 496, 119, 174, 1.0, 
Zack Wheeler, 14, 2, 1.8734560654713577, 39, 4, -4.661710973398419, 31, 14, -58.62283254211695, 80, 12, -27.778729649354972, 151, 8, 96.05135051192651, 691, 173, 126, 1.0, 
Zebby Matthews, 23, 13, 24.061587648923776, 79, 21, -19.684032802783037, 39, 18, -45.752592012709584, 127, 17, -36.303260436145436, 137, 12, -14.995018838744826, 212, 46, 123, 1.0, 
