A.J. Minter, 6, 2, 9.516919468037987, 15, 0, 23.451459792959657, 15, 0, 10.721658652606427, 30, 1, 33.34086367080872, 55, 6, 7.891681236567749, 110, 28, 49, 1.0, 
A.J. Puk, 3, 0, 8.786529116891048, 13, 0, 7.941206033189158, 12, 0, 122.29396150539012, 24, 0, 2.1981789262361957, 44, 2, 8.836240745274962, 136, 32, 35, 1.0, 
Aaron Ashby, 5, 4, -5.005660069772709, 22, 5, 0.8909809491429499, 27, 4, -5.428441112702394, 54, 5, 22.63253669327478, 88, 4, -1.7445303261288423, 250, 58, 75, 1.0, 
Aaron Bummer, 4, 6, -43.39345602676636, 27, 2, 253.13504449333416, 21, 0, 54.11878068186364, 56, 7, -74.13805052843935, 65, 4, 99.47389675420385, 215, 48, 60, 1.0, 
Aaron Civale, 19, 1, 19.924112525468004, 62, 0, 55.38591870108937, 39, 11, 12.126893317608804, 98, 3, -2.90607648365106, 112, 2, 12.7928366946447, 508, 120, 123, 1.0, 
Aaron Nola, 26, 11, -18.60383237982345, 89, 17, -8.913162137734687, 47, 21, -61.52080054753608, 139, 14, -4.6428792965676, 173, 2, 12.857463011054222, 706, 172, 168, 1.0, 
Abner Uribe, 3, 5, -1.5018236543608943, 14, 13, -17.530619966471107, 28, 9, 34.62385916493341, 42, 4, 0.04704366285810835, 84, 2, 25.486730826550225, 133, 33, 69, 1.0, 
Adbert Alzolay, 3, 2, 1.4310706837875193, 13, 7, 15.156805995394642, 9, 6, 10.923420203544763, 32, 5, 7.248796418903167, 45, 4, 4.969040453750024, 32, 8, 43, 1.0, 
Adrian Houser, 14, 8, -14.88522807240648, 69, 8, -7.589262120389716, 51, 6, 21.1332327888909, 132, 3, 153.27318119306076, 104, 3, 39.11497287192771, 440, 101, 143, 1.0, 
Adrian Morejon, 4, 6, -20.449639514370368, 19, 6, -9.350957168239646, 18, 2, 17.091160748908088, 49, 7, -18.382089164702762, 66, 5, 21.828634087371896, 202, 49, 66, 1.0, 
Alek Jacob, 6, 2, 1.2207146055634475, 20, 3, 1.8506944727067776, 14, 6, 7.157340283069189, 33, 2, 1.5022460076890134, 25, 2, 0.8724420066614975, 76, 16, 36, 1.0, 
Alek Manoah, 13, 5, 19.704698306198758, 33, 8, 21.780469264166758, 30, 8, 58.412809645542254, 48, 3, 41.85699746849922, 76, 10, 23.55069472194014, 217, 51, 76, 1.0, 
Alex Cobb, 4, 1, 1.9481540449873256, 16, 3, 8.600668494308522, 10, 2, 3.955436579812674, 36, 2, 16.660050690591767, 35, 5, 19.650608881999553, 127, 30, 39, 1.0, 
Alex Lange, 4, 2, 1.9580228339479073, 19, 4, 10.376226966202042, 28, 7, 25.81290316676108, 29, 8, 20.623832483351926, 57, 7, 33.67919770761542, 55, 12, 47, 1.0, 
Alex Vesia, 7, 3, -0.9113517954872883, 19, 1, 46.115308994529215, 25, 2, 55.08933286652417, 32, 4, 84.24767954242374, 84, 6, -31.541705571445434, 236, 57, 62, 1.0, 
Alexis Diaz, 4, 1, 0.42863588690226173, 17, 0, 10.474159625778087, 24, 3, 12.428743294384825, 27, 2, 30.714635116868617, 52, 6, 14.590295500907516, 130, 31, 46, 1.0, 
Andre Granillo, 0, 0, 0.0, 0, 0, 0.0, 0, 0, 0.0, 0, 0, 0.0, 0, 0, 0.0, 0, 0, 43, 0.6666666666666667, 
Andre Pallante, 14, 5, -0.06462623676615209, 69, 8, 29.582742357502404, 51, 18, -74.64797661756364, 125, 3, 21.104302256963617, 97, 7, 5.146165146968848, 495, 114, 136, 1.0, 
Andres Munoz, 4, 3, 2.0238887170027233, 15, 8, -61.48058000901487, 27, 0, 38.33812962472829, 34, 2, 34.62400806729216, 85, 6, -3.763646294497775, 236, 58, 63, 1.0, 
Andrew Abbott, 22, 6, 3.5279032366011354, 61, 9, 23.22785594961896, 52, 3, 38.90315113294401, 127, 9, -10.486624401909506, 149, 1, 82.78226212979509, 535, 128, 165, 1.0, 
Andrew Chafin, 4, 3, -11.124389287659675, 17, 8, -73.23740006071648, 25, 3, -24.028907467146723, 38, 6, -46.83295156117333, 56, 0, 41.126951957986805, 214, 49, 48, 1.0, 
Andrew Hoffmann, 0, 0, 0.0, 0, 0, 0.0, 0, 0, 0.0, 0, 0, 0.0, 0, 0, 0.0, 0, 0, 33, 0.6666666666666667, 
Andrew Kittredge, 7, 2, -4.446273597326044, 21, 3, -0.45552177569996033, 15, 6, -2.106813095474479, 40, 2, 49.18810169256251, 67, 0, -0.19281528731614173, 198, 49, 60, 1.0, 
Andrew Nardi, 6, 1, 0.5954220328735116, 25, 3, 11.963439102566085, 19, 4, 35.44825724518721, 38, 1, 0.9502378496514245, 71, 8, 12.527175224684221, 96, 22, 52, 1.0, 
Andrew Walters, 0, 0, 0.0, 0, 0, 0.0, 0, 0, 0.0, 0, 0, 0.0, 0, 0, 0.0, 0, 0, 30, 0.6666666666666667, 
Angel Chivilli, 6, 2, -9.824581164217644, 19, 0, 46.653650549723636, 10, 1, 34.479761886087374, 28, 1, 0.34050050295872225, 23, 1, -4.616944864693025, 163, 35, 29, 1.0, 
Angel Zerpa, 7, 0, 3.2927190843990504, 28, 0, 77.52499460087593, 19, 0, 38.93780379975226, 56, 6, -4.158372894746648, 55, 6, 32.87130386066708, 215, 49, 60, 1.0, 
Anthony Banda, 6, 0, 0.9509159910098807, 22, 6, -40.1069693678638, 26, 0, 22.186136782628278, 41, 3, 185.29918129367897, 56, 2, 76.8700735089044, 177, 40, 56, 1.0, 
Anthony Bender, 4, 5, -16.436523515989336, 19, 7, -27.375402694714438, 22, 4, 64.70619259652632, 41, 3, 2.3714109776956, 56, 4, 47.12945908418763, 172, 41, 59, 1.0, 
Anthony Kay, 0, 0, 0.0, 0, 0, 0.0, 0, 0, 0.0, 0, 0, 0.0, 0, 0, 0.0, 0, 0, 128, 0.6666666666666667, 
Antonio Senzatela, 13, 1, 3.7738756161901184, 58, 1, 22.701171135561474, 28, 4, 8.953643227298116, 102, 26, -14.738551357227266, 48, 17, -6.679955603915033, 293, 63, 80, 1.0, 
Aroldis Chapman, 4, 2, -3.832122377676921, 16, 2, 210.28567648885573, 26, 1, 468.4985586070144, 30, 3, 117.34465591832813, 88, 7, 150.96356454193855, 225, 54, 59, 1.0, 
Austin Warren, 0, 0, 0.0, 0, 0, 0.0, 0, 0, 0.0, 0, 0, 0.0, 0, 0, 0.0, 0, 0, 41, 0.6666666666666667, 
Bailey Falter, 10, 3, 3.3202670790688096, 33, 5, 3.136408816886913, 22, 1, 25.17342904997492, 56, 3, 15.464597834319573, 48, 7, -39.164520719265596, 450, 107, 68, 1.0, 
Bailey Horn, 0, 0, 0.0, 0, 0, 0.0, 0, 0, 0.0, 0, 0, 0.0, 0, 0, 0.0, 0, 0, 34, 0.6666666666666667, 
Bailey Ober, 25, 11, -15.184105079195461, 75, 14, 5.591842004850136, 36, 19, -64.22802065759464, 122, 11, 2.826500514782879, 142, 18, -31.55305614970814, 534, 131, 156, 1.0, 
Beau Brieske, 7, 0, 21.359598611669334, 25, 4, 44.425720408191054, 21, 2, 73.21372148167981, 36, 3, -16.437216778516728, 38, 5, -36.43599077698538, 219, 51, 45, 1.0, 
Ben Brown, 7, 1, 2.959746920925613, 30, 7, -38.62728734861817, 18, 4, 29.79134263073209, 47, 0, 2.3280378050563217, 64, 3, 20.215498301848726, 277, 64, 56, 1.0, 
Ben Casparius, 6, 0, 0.03916095732742886, 28, 9, 5.971907062058847, 16, 2, 0.3382494529996638, 51, 8, 4.503087115012789, 53, 5, 1.989095120630818, 166, 38, 57, 1.0, 
Ben Joyce, 2, 5, 11.577199116003507, 11, 5, 9.060098170489658, 17, 7, 21.26095444768249, 32, 9, 31.540488176505484, 43, 0, 0.30692846331535834, 42, 10, 45, 1.0, 
Bennett Sousa, 4, 1, 0.20391193933575202, 16, 0, 0.012222979248810523, 15, 0, 0.0668069747715665, 33, 1, 0.11653645860970774, 59, 1, 0.1403602586730044, 99, 25, 50, 1.0, 
Blake Snell, 8, 7, -11.545588557496256, 39, 5, 31.50306563514369, 55, 13, 9.526112968104059, 88, 12, -5.213538136400771, 167, 6, 9.03082238665317, 487, 118, 131, 1.0, 
Blake Treinen, 7, 2, -1.2149948377730846, 25, 2, 105.56011506789243, 28, 10, 160.6133100491283, 45, 8, 125.69568044219682, 72, 3, -5.82723936542402, 125, 28, 55, 1.0, 
Brad Keller, 7, 1, 61.04636198307501, 27, 1, 76.44811251207503, 27, 10, 246.31282275510364, 51, 0, 4.292049075378364, 60, 5, 79.62136431133366, 324, 73, 67, 1.0, 
Brad Lord, 13, 2, 0.11018601298745612, 47, 14, 4.237510676288494, 33, 3, 0.2021358500610666, 84, 9, 1.9506159942814882, 83, 11, 2.5538456356820163, 273, 65, 102, 1.0, 
Bradgley Rodriguez, 0, 0, 0.0, 0, 0, 0.0, 0, 0, 0.0, 0, 0, 0.0, 0, 0, 0.0, 0, 0, 44, 0.6666666666666667, 
Brady Singer, 19, 0, 0.32597507811262316, 74, 7, 6.77802783050981, 53, 6, 9.73249029751202, 139, 0, 20.35542711075699, 158, 1, 20.92389077578826, 700, 165, 167, 1.0, 
Brandon Eisert, 9, 3, 0.7680788120878539, 28, 5, 2.0107964547461634, 20, 3, 0.7626966219761027, 51, 3, 1.1407147969924516, 59, 0, 0.014366517359662073, 153, 34, 55, 1.0, 
Brandon Pfaadt, 24, 6, 1.8857415492484861, 91, 21, -56.4935708319926, 40, 22, -60.14426159693471, 153, 5, 12.159837669357184, 149, 13, 20.64336465690439, 603, 140, 164, 1.0, 
Brandon Williamson, 9, 3, 1.763086101482528, 29, 9, 13.116445732762838, 20, 2, 0.6525505651149197, 49, 1, 0.4963679504314302, 51, 7, 7.693039198889318, 63, 15, 63, 1.0, 
Brandon Woodruff, 18, 7, -2.1929434747865706, 48, 3, 9.338957352872814, 35, 18, -14.234180338781876, 83, 22, -14.270083605522913, 179, 23, -20.691946972259345, 263, 66, 145, 1.0, 
Brandon Young, 5, 1, 0.5957944376387365, 18, 1, 0.3744916933534963, 10, 0, 3.02848637420116e-06, 26, 5, 8.609512119684283, 21, 4, 6.013476936157133, 128, 28, 26, 1.0, 
Brandyn Garcia, 0, 0, 0.0, 0, 0, 0.0, 0, 0, 0.0, 0, 0, 0.0, 0, 0, 0.0, 0, 0, 49, 0.6666666666666667, 
Braxton Ashcraft, 7, 13, 2.383769729987595, 43, 20, 5.523502751095549, 44, 9, 1.1856021036239994, 113, 11, 1.5272643998320312, 134, 8, 0.9294011329701828, 146, 34, 132, 1.0, 
Braxton Garrett, 15, 0, 0.3157944528248242, 61, 8, 11.9462792814352, 21, 27, 33.958953436187784, 110, 1, 5.408699468670727, 112, 20, 50.087044424093975, 198, 47, 121, 1.0, 
Brayan Bello, 16, 3, 10.528728523569011, 67, 2, 33.593508461687385, 55, 12, -14.880440263481255, 132, 8, 84.86535054643824, 130, 2, 29.601705018124466, 584, 135, 156, 1.0, 
Brenan Hanifee, 4, 6, -18.960047283638026, 19, 16, -152.22911193582257, 14, 7, -28.74368895628433, 56, 6, -26.752621874708936, 42, 2, 19.51628446421136, 152, 35, 59, 1.0, 
Brendon Little, 4, 3, 30.184160020185082, 20, 7, 45.716389371256014, 29, 12, -99.99819072808799, 38, 5, -9.510876306363755, 61, 2, -3.6159965822530467, 195, 45, 54, 1.0, 
Brennan Bernardino, 4, 5, -14.536536283738222, 22, 5, -21.518745452507986, 24, 10, -54.12291107599012, 45, 3, 16.73875678544801, 53, 6, -29.13261627472103, 206, 47, 56, 1.0, 
Brent Headrick, 11, 10, 24.994857306720526, 32, 11, 30.815715779097605, 18, 0, 0.015294546962768349, 39, 11, 32.82639565170645, 55, 9, 19.38704306253282, 15, 3, 47, 1.0, 
Brent Suter, 8, 1, 11.761657110667501, 27, 1, 1.9886858145401334, 16, 4, 20.57096861694543, 52, 2, 76.27436630402197, 47, 3, -9.443038139851826, 281, 66, 61, 1.0, 
Brock Burke, 8, 1, 14.107014798132415, 28, 2, 40.76286560721454, 20, 0, 52.75357219892879, 52, 2, -4.990591139285225, 59, 6, 46.271728722135464, 247, 59, 62, 1.0, 
Brock Stewart, 2, 1, 0.5097886214738905, 9, 3, 40.391832782038094, 13, 1, 3.898090230508248, 27, 6, -14.438835843151438, 46, 0, 0.20529294970155487, 84, 20, 37, 1.0, 
Brooks Raley, 4, 2, 1.7749205685372016, 17, 1, 0.4202418646726308, 21, 7, 29.947248135223724, 40, 2, 6.9151772154039985, 65, 5, 5.681514650195449, 45, 10, 57, 1.0, 
Brusdar Graterol, 2, 4, 6.754990140893668, 10, 11, 78.17191446867267, 9, 8, 23.67779228755412, 32, 2, 1.9115137981518195, 33, 0, 14.282578440299968, 45, 11, 43, 1.0, 
Bryan Abreu, 5, 1, 8.065530610507077, 18, 2, 29.673310794971982, 29, 0, 1.698963593773336, 42, 10, -82.39640140366788, 96, 1, 60.821657653374864, 289, 70, 68, 1.0, 
Bryan Baker, 9, 4, 27.341868220840134, 26, 7, 31.31511458987275, 20, 3, 13.767701357142334, 43, 0, 1.6782094245330033, 74, 4, 5.918988643799672, 175, 42, 63, 1.0, 
Bryan Hudson, 4, 0, 0.00015065698618789484, 8, 7, 21.735206409326864, 11, 1, 0.8029082643445913, 15, 15, 106.85424570084882, 40, 2, 3.6616918619004446, 69, 18, 40, 1.0, 
Bryan King, 6, 0, 21.223184244980512, 20, 8, -27.351681939651115, 16, 5, 84.94007159208311, 47, 2, 36.490299471433076, 70, 3, -4.897570604409253, 153, 37, 64, 1.0, 
Bryan Woo, 24, 5, -1.4912290567582298, 63, 6, -1.7861904482715651, 39, 30, -26.33183516427917, 118, 4, 38.02725566445791, 183, 9, 115.92701292721432, 487, 122, 186, 1.0, 
Bryce Elder, 17, 0, 4.830713156067668, 71, 7, 0.7185205005467736, 41, 2, 19.806629492894395, 116, 1, 21.875100633406923, 101, 22, -81.74872212002214, 466, 108, 121, 1.0, 
Bryce Miller, 22, 1, -0.09778636679729336, 71, 8, -8.545513388688288, 45, 13, -30.99137958244566, 107, 4, -2.093165470178535, 124, 5, 0.9316709538343666, 506, 124, 141, 1.0, 
Bryse Wilson, 5, 2, -25.04233889130367, 16, 0, 31.751438327403662, 9, 0, 3.987825968020217, 27, 1, 40.95626890303564, 19, 2, 40.71241913475856, 372, 85, 27, 1.0, 
Cade Cavalli, 18, 2, 0.08999665805645463, 64, 7, 0.6435813788817608, 41, 1, 0.0322342049278479, 135, 15, 2.889484075797924, 107, 18, 4.330763497499447, 109, 24, 132, 1.0, 
Cade Horton, 11, 5, 0.47799754879805434, 40, 18, 4.508880142394204, 36, 5, 0.46296268844640576, 94, 10, 1.470208857846682, 104, 12, 2.0491806984977856, 238, 59, 128, 1.0, 
Cade Povich, 3, 0, 5.076096205735397, 14, 0, 2.485849707845973, 10, 0, -1.2388088027473354, 23, 0, 1.5382345102153447, 25, 0, 2.850830315655185, 336, 76, 25, 1.0, 
Cade Smith, 3, 5, -6.811729329538181, 20, 1, 47.54801877365527, 19, 14, -69.17705536082397, 46, 10, 20.002039908188834, 96, 6, 63.003466281054315, 235, 59, 69, 1.0, 
Caleb Ferguson, 4, 5, -21.289496254923748, 24, 1, 50.50908634042812, 22, 1, 26.650348357202585, 48, 5, 6.484830499719735, 56, 0, 49.9728774554515, 232, 53, 57, 1.0, 
Caleb Thielbar, 7, 0, 32.45846333308782, 24, 1, 8.847204467557354, 19, 1, 87.85101975024469, 43, 2, 27.045865574649977, 66, 3, 6.9258183113575384, 200, 48, 62, 1.0, 
Calvin Faucher, 6, 2, 43.842832363631544, 28, 6, -9.144535469713105, 27, 4, 39.23521079014454, 54, 1, 100.07533518901229, 67, 3, 32.29809848731752, 177, 39, 63, 1.0, 
Cam Sanders, 0, 0, 0.0, 0, 0, 0.0, 0, 0, 0.0, 0, 0, 0.0, 0, 0, 0.0, 0, 0, 29, 0.6666666666666667, 
Camilo Doval, 4, 4, -25.1998178157773, 27, 1, 17.137087472384763, 33, 7, 17.857275208281465, 47, 4, -23.319127408562792, 75, 5, -13.047298323843492, 279, 64, 63, 1.0, 
Carlos Estevez, 6, 2, -4.051888618060907, 19, 3, 2.181337318445607, 20, 0, 40.71943067957186, 42, 4, -12.72927810726852, 59, 8, -49.24291055349052, 249, 60, 64, 1.0, 
Carlos Rodon, 20, 6, 10.087006068999134, 59, 16, -21.06620942536189, 51, 9, 0.24510362779805916, 93, 1, 14.789399217590042, 154, 11, 66.22994606767237, 630, 153, 145, 1.0, 
Carlos Rodriguez, 0, 0, 0.0, 0, 0, 0.0, 0, 0, 0.0, 0, 0, 0.0, 0, 0, 0.0, 0, 0, 33, 0.6666666666666667, 
Carlos Vargas, 7, 0, 0.0018476632068051176, 25, 6, 2.552663059751623, 16, 0, 0.009931712529851408, 52, 3, 0.7643979101853002, 40, 3, 0.6246475703112306, 165, 38, 56, 1.0, 
Carmen Mlodzinski, 5, 4, -11.709540654226991, 26, 4, 25.421759581559172, 24, 0, 28.398127647433288, 59, 6, 60.29121516594007, 66, 8, -49.33639993712971, 241, 57, 71, 1.0, 
Casey Legumina, 6, 0, 0.03280180961288576, 30, 5, 2.8244135768376424, 24, 8, 5.790457892405854, 41, 10, 10.517790941978731, 55, 4, 1.4483177874170003, 109, 24, 49, 1.0, 
Casey Mize, 18, 1, 5.978362171978738, 64, 1, 2.431170381861054, 37, 9, -5.0962149384546045, 134, 19, -33.1727309494526, 124, 4, 11.665770644102782, 431, 100, 142, 1.0, 
Chad Green, 10, 6, -23.796185951514133, 22, 2, -6.344353822962072, 13, 6, -19.227360918471163, 32, 2, -5.717818938957915, 36, 3, -8.661684302357592, 160, 38, 43, 1.0, 
Chad Patrick, 15, 0, 0.005859980411066321, 54, 2, 0.10358755667777442, 45, 7, 0.7015895868362394, 114, 5, 0.36931761676095576, 144, 17, 3.4021504273068643, 251, 59, 137, 1.0, 
Charlie Morton, 11, 2, 2.771989346969937, 42, 8, -20.56312049806118, 35, 9, -46.90594290125537, 67, 0, 55.09657504346133, 83, 1, 13.34995525905508, 699, 160, 79, 1.0, 
Chase Burns, 14, 0, 0.004081791784565782, 61, 1, 0.05916071819608926, 47, 19, 5.553646832712779, 99, 10, 1.558947687227512, 181, 43, 29.381378547595546, 94, 21, 120, 1.0, 
Chase Dollander, 21, 0, 0.003439558625982733, 81, 23, 8.70473711801425, 56, 9, 1.5032777206597956, 99, 9, 1.3281230469887344, 97, 1, 0.055067026392033425, 220, 49, 116, 1.0, 
Chase Shugart, 4, 1, 0.15499231279415482, 14, 0, 0.09657563604346664, 13, 3, 2.2823454991808205, 24, 9, 15.209597423900874, 26, 3, 2.3775070096910618, 90, 22, 37, 1.0, 
Chase Silseth, 10, 4, 4.917835870113074, 29, 4, 17.473481594324646, 25, 2, 1.4753602720431291, 39, 0, 15.911426138903987, 53, 2, 2.1080382747139894, 35, 8, 54, 1.0, 
Chris Bassitt, 20, 0, 5.886864487697574, 73, 3, 33.85988287868552, 55, 1, 0.9305763482223088, 146, 6, 36.214575650964164, 163, 9, -1.9967239881818841, 766, 180, 167, 1.0, 
Chris Flexen, 4, 1, -10.784952068593135, 12, 0, 19.31834055052208, 9, 0, 35.84660240010126, 23, 1, 12.536534853648499, 17, 4, 75.09510369715053, 485, 110, 27, 1.0, 
Chris Martin, 6, 0, 13.25628282578775, 17, 6, 22.169962780575077, 9, 12, -214.22152092423494, 45, 6, -59.81140672622554, 54, 4, 29.117988581528707, 194, 48, 52, 1.0, 
Chris Murphy, 4, 0, 0.4157043696790881, 16, 4, 3.2335048747331783, 21, 1, 9.245897498713598, 25, 8, 13.598734747925647, 37, 7, 1.1002722993351597, 113, 25, 40, 1.0, 
Chris Paddack, 22, 9, -8.506995577197628, 74, 13, -17.398125869632935, 32, 13, -20.87562176013133, 120, 10, 35.15651424722023, 100, 8, 72.67502130316521, 421, 98, 131, 1.0, 
Chris Roycroft, 4, 5, -30.46103655677335, 29, 1, -3.9413638179260335, 22, 0, 4.893517024311945, 41, 7, -59.60926114741764, 34, 9, -63.44374758462499, 102, 21, 40, 1.0, 
Chris Sale, 13, 3, 8.411016642368367, 49, 3, 53.87959995898895, 41, 14, -26.074200116213206, 113, 13, -24.207996410442732, 201, 23, -62.59926119625281, 507, 125, 158, 1.0, 
Christian Scott, 5, 2, 4.835374427822459, 17, 6, 22.909761288595103, 9, 2, 5.0529718287731455, 27, 0, 0.19697971465899694, 28, 3, 8.10247020750814, 59, 14, 35, 1.0, 
Cionel Perez, 4, 7, -61.23370560350122, 34, 0, 109.6993865803745, 32, 14, -275.74255657720937, 51, 6, -62.86995302571927, 46, 2, -6.429767575583714, 207, 46, 50, 1.0, 
Clarke Schmidt, 3, 0, 2.9058048808417842, 10, 1, 10.84904819065715, 10, 2, -25.291982864378163, 19, 1, 19.561551571517555, 28, 1, -3.8341442107807637, 399, 94, 29, 1.0, 
Clay Holmes, 11, 9, -17.26411330924835, 54, 4, 5.083528725840127, 53, 15, -42.191578124751686, 120, 14, -41.2522477485002, 137, 8, 17.890526337852275, 375, 88, 148, 1.0, 
Clayton Beeter, 7, 2, 0.4821430734728285, 27, 17, 17.255524266827564, 40, 27, 42.09130029994924, 26, 13, 9.724265022534496, 83, 10, 6.501437035141294, 52, 12, 62, 1.0, 
Cody Bradford, 9, 3, 6.342504894550517, 30, 4, 44.45698773874298, 14, 11, 16.49797772994247, 51, 7, 15.820441467393998, 63, 6, 4.875970065860237, 116, 28, 68, 1.0, 
Cole Henry, 8, 0, 0.05172039401461004, 29, 3, 0.6199269158610221, 37, 7, 3.1267287589769737, 42, 1, 0.08198058864268076, 62, 3, 0.6621894914450701, 120, 26, 62, 1.0, 
Cole Ragans, 16, 2, 0.5628907042348787, 69, 6, -7.209104554053813, 56, 8, 143.7631814024708, 114, 2, 7.968075063538173, 206, 32, 73.82083611164802, 396, 95, 154, 1.0, 
Cole Sands, 6, 1, -1.1496730681609297, 30, 7, -29.908028335066888, 17, 6, 7.308413356960969, 53, 2, 11.2265806623071, 68, 6, 0.7763749460216331, 213, 50, 67, 1.0, 
Cole Sulser, 6, 2, 1.3369880369441147, 21, 1, 0.8338388353032092, 16, 3, 3.6826843679849928, 35, 0, 0.1140975027655813, 40, 2, 2.1503179261804237, 22, 5, 52, 0.6666666666666667, 
Cole Winn, 5, 3, 0.8062842989830337, 12, 12, 9.516088611020209, 24, 10, 6.804295883633543, 31, 10, 5.73837928956317, 54, 9, 5.163906913633333, 81, 20, 62, 1.0, 
Colin Holderman, 5, 2, -1.9053802121996348, 25, 3, -19.759595147426012, 22, 1, 23.497854504985863, 40, 4, -41.08681828375808, 38, 6, 143.44875033204323, 176, 40, 42, 1.0, 
Colin Rea, 11, 4, -1.4389888489617704, 36, 8, -31.853761515739187, 22, 4, -5.2290674528081205, 66, 5, 29.209556340139045, 65, 2, 22.725055483429976, 586, 139, 81, 1.0, 
Colin Selby, 7, 1, 0.9323219017647597, 41, 8, 24.09173170343433, 26, 2, 2.1951708678875286, 44, 3, 2.926016762639143, 50, 18, 105.84936599332363, 14, 3, 42, 1.0, 
Colton Gordon, 7, 5, 6.299770162177509, 20, 4, 3.185609094028351, 8, 4, 3.3725563369904847, 33, 0, 0.029872297360447275, 28, 5, 5.03925147853198, 189, 43, 35, 1.0, 
Connor Brogdon, 10, 2, 1.3467351210627108, 28, 1, 36.46349748995953, 19, 3, -0.39991121290075426, 39, 4, 16.934703273933742, 50, 12, -38.91604777641106, 119, 28, 51, 1.0, 
Connor Phillips, 0, 0, 0.0, 0, 0, 0.0, 0, 0, 0.0, 0, 0, 0.0, 0, 0, 0.0, 0, 0, 55, 0.6666666666666667, 
Cooper Criswell, 7, 1, 1.9833089750878836, 29, 5, 6.278057406727822, 18, 0, 4.220439351865403, 55, 2, 3.105043656040513, 42, 2, 13.708291248295405, 123, 28, 56, 1.0, 
Corbin Burnes, 4, 0, 0.25302986278215556, 14, 1, 23.945803389305887, 14, 2, 50.630307100638554, 29, 0, 49.114593020216404, 43, 0, 23.291979689418145, 657, 163, 44, 1.0, 
Craig Kimbrel, 3, 0, 6.736178945584047, 14, 2, 24.233462537406695, 14, 2, 29.026915386021727, 18, 4, 26.654340705440134, 38, 0, 44.71330393362982, 128, 30, 28, 1.0, 
Craig Yoho, 0, 0, 0.0, 0, 0, 0.0, 0, 0, 0.0, 0, 0, 0.0, 0, 0, 0.0, 0, 0, 37, 0.6666666666666667, 
Cristian Javier, 16, 12, -6.634039258397152, 68, 15, 18.606021376660948, 61, 3, 62.68720478689047, 105, 9, -18.987093132897062, 127, 2, 53.82236461863146, 394, 95, 139, 1.0, 
Cristopher Sanchez, 16, 13, -4.094924659488207, 69, 31, -87.6930639355233, 47, 22, -51.886400035387794, 159, 8, -1.1525945287184172, 181, 18, -26.451649070587905, 533, 130, 191, 1.0, 
DL Hall, 4, 2, 4.344469599976755, 24, 0, -0.0032647358303207683, 23, 9, -58.27828432490665, 39, 9, 45.09322074375419, 44, 3, -10.019031603399288, 140, 32, 52, 1.0, 
Daniel Palencia, 6, 0, 0.1585459508003717, 23, 1, 3.2900060338069537, 22, 1, 1.142868055856832, 46, 5, 2.9139221495187257, 75, 1, 34.37514498598203, 105, 25, 64, 1.0, 
Danny Coulombe, 3, 1, -4.45464884216071, 11, 3, -17.768467889951978, 13, 0, 153.9059419837583, 26, 0, 188.8048566127721, 44, 4, 14.66214856420602, 152, 38, 43, 1.0, 
Dauri Moreta, 4, 1, 15.904528174659676, 14, 6, 29.10487143031927, 13, 3, 26.911447696928803, 19, 0, 15.229191068944523, 40, 3, 16.662813615519866, 39, 9, 32, 1.0, 
David Bednar, 5, 2, -6.593905988073232, 23, 1, 29.172249824526542, 23, 4, 47.932951731587416, 44, 6, 7.060182772239216, 77, 3, 103.88150196029655, 250, 59, 62, 1.0, 
David Festa, 8, 0, -0.2664762852891105, 29, 1, 0.3957811059746188, 19, 7, -42.745342573530976, 39, 2, 33.058766064547, 54, 4, 144.10101397557926, 202, 46, 51, 1.0, 
David Peterson, 13, 9, -9.757590303790757, 69, 1, 44.29959879831381, 61, 16, -40.91698932676928, 141, 18, -43.20566745933823, 150, 4, 88.21063952100576, 544, 126, 160, 1.0, 
Davis Martin, 18, 0, 8.041673415065743, 69, 3, 44.06793413936571, 55, 8, -4.591279178385577, 126, 0, 29.466215434850373, 121, 12, 7.719911874414571, 316, 74, 148, 1.0, 
Daysbel Hernandez, 3, 2, 0.9150759820526879, 13, 3, 2.126101633679273, 26, 14, 38.25663836335531, 22, 1, 0.3961957130061151, 31, 7, 9.875127970274221, 82, 18, 34, 1.0, 
Dean Kremer, 17, 3, -0.07090098884268681, 60, 11, -23.393683391075122, 42, 1, 49.342921131921706, 108, 1, 63.72481705968858, 118, 2, 42.467180925760815, 627, 149, 136, 1.0, 
Dennis Santana, 4, 5, -11.116415045803343, 22, 2, 14.530813719182861, 19, 2, 4.407675543093065, 43, 4, -7.238539971249942, 60, 5, 14.003420669212353, 235, 57, 66, 1.0, 
Devin Williams, 5, 3, -2.4957734200952757, 27, 0, 34.068473553433606, 27, 3, 28.559852551128007, 38, 12, -36.02150092246731, 93, 12, -32.39327469888326, 170, 42, 64, 1.0, 
Drew Rasmussen, 12, 8, 13.823744123604857, 48, 5, 14.834530884476518, 38, 15, -39.44879474131605, 112, 20, 26.100943057103933, 155, 4, 85.2212737285179, 365, 92, 155, 1.0, 
Drew Smith, 3, 1, 6.816393346913441, 11, 1, 1.6758963860856673, 11, 0, 0.639796506870623, 18, 1, 12.623193933002101, 28, 0, 3.443720201468896, 43, 10, 26, 1.0, 
Drew Thorpe, 7, 0, 0.00021206459795443128, 26, 1, 0.6510609017690377, 20, 2, 1.5943994758857523, 28, 13, 68.29676237164084, 26, 18, 129.62266897088085, 57, 13, 43, 1.0, 
Drey Jameson, 7, 3, 1.638153345862745, 21, 2, 1.5336034975161759, 23, 12, 27.15834023229715, 46, 2, 1.4057243297949642, 52, 5, 4.725669935452643, 22, 5, 56, 1.0, 
Dustin May, 19, 7, 3.6912915154975305, 73, 8, 9.485642826344527, 60, 3, 4.082881942296959, 112, 5, 59.73716331470806, 128, 9, 29.277121457652413, 209, 49, 145, 1.0, 
Dylan Cease, 19, 0, 0.6541336793471341, 76, 4, 13.116538716801482, 69, 3, 30.71635116571835, 125, 1, 22.12785072574009, 212, 7, 6.232682755593178, 753, 179, 170, 1.0, 
Dylan Dodd, 7, 2, 2.2390315489113117, 20, 6, -10.511108439938198, 9, 8, -1.6979327981132712, 33, 6, 12.087047261701429, 35, 8, 19.188845037894282, 94, 21, 43, 1.0, 
Dylan Lee, 9, 5, -20.052181418723706, 21, 0, 52.361706716242274, 16, 5, -0.5930282528696011, 43, 2, 41.81833423632285, 75, 0, 70.26558617222344, 202, 50, 65, 1.0, 
Easton McGee, 0, 0, 0.0, 0, 0, 0.0, 0, 0, 0.0, 0, 0, 0.0, 0, 0, 0.0, 0, 0, 31, 0.6666666666666667, 
Edgardo Henriquez, 0, 0, 0.0, 0, 0, 0.0, 0, 0, 0.0, 0, 0, 0.0, 0, 0, 0.0, 0, 0, 38, 0.6666666666666667, 
Eduard Bazardo, 6, 1, 4.024848252825047, 25, 0, 14.161505298628287, 23, 2, 85.00644432406253, 41, 6, -0.5912988420987588, 74, 2, 85.50044721245068, 168, 42, 67, 1.0, 
Eduardo Rodriguez, 19, 4, -2.21134327374795, 70, 0, 5.689619413883849, 50, 0, 5.656766189277097, 125, 2, 13.6904537281935, 126, 21, -91.19540918672908, 482, 111, 133, 1.0, 
Eduarniel Nunez, 0, 0, 0.0, 0, 0, 0.0, 0, 0, 0.0, 0, 0, 0.0, 0, 0, 0.0, 0, 0, 44, 0.6666666666666667, 
Edward Cabrera, 17, 3, 0.05010963622349429, 60, 6, 25.035275129633273, 60, 10, 10.985430230635444, 97, 5, 11.646122542096208, 148, 21, -110.83818837393142, 431, 100, 136, 1.0, 
Edwin Diaz, 5, 0, 12.659950988873437, 16, 3, 104.86974116658472, 23, 8, -43.13667359478404, 33, 2, 1.695478096744619, 99, 11, 44.90903895135554, 205, 52, 65, 1.0, 
Edwin Uceta, 6, 0, 9.921423831794776, 21, 8, -37.044199129870975, 20, 15, -94.15129404280191, 40, 4, 41.63182503838207, 84, 0, 17.668903721861863, 192, 46, 62, 1.0, 
Eli Morgan, 3, 0, 2.2410335930739476, 8, 3, 23.693135821645573, 8, 1, 4.026994186181456, 19, 0, 4.287948660302102, 26, 2, 79.15482770398859, 120, 29, 28, 1.0, 
Elvis Alvarado, 8, 1, 0.17257172648381847, 22, 7, 3.807552817547517, 31, 1, 0.06347515971775852, 39, 1, 0.06886613495601002, 68, 13, 11.988245393432607, 91, 21, 59, 1.0, 
Emerson Hancock, 11, 4, -7.768165379574334, 36, 2, -2.8535746017135297, 22, 3, -2.3637991324129715, 59, 11, -50.7839143502527, 47, 5, -1.99444530438889, 260, 60, 68, 1.0, 
Emilio Pagan, 9, 2, 1.9363925478128614, 25, 1, 7.483435994005321, 21, 3, 28.654480558986663, 42, 12, -80.15155607751524, 75, 2, 17.75996980762917, 243, 59, 65, 1.0, 
Emmet Sheehan, 14, 1, 4.959566410484499, 48, 2, 16.29458185351751, 44, 5, 9.674852907535056, 79, 19, -11.49238542183177, 157, 5, -0.8160901611909885, 169, 41, 133, 1.0, 
Enmanuel De Jesus, 0, 0, 0.0, 0, 0, 0.0, 0, 0, 0.0, 0, 0, 0.0, 0, 0, 0.0, 0, 0, 42, 0.6666666666666667, 
Enyel De Los Santos, 8, 1, 28.814576926191513, 29, 2, 19.377889943767787, 22, 2, 30.992358614563074, 47, 2, 16.18183115471326, 59, 2, 123.63548493111875, 258, 62, 60, 1.0, 
Eric Lauer, 10, 5, 14.094096718015123, 26, 1, 48.98336528722994, 19, 1, 26.07541975019847, 46, 7, 0.20244041107926591, 60, 1, 9.223166064757162, 302, 72, 62, 1.0, 
Eric Orze, 5, 1, 0.11829040780025513, 20, 5, 2.3676490391403924, 24, 14, 13.267112916132504, 47, 1, 0.09128511056983935, 56, 1, 0.07144384705659235, 89, 20, 57, 1.0, 
Erick Fedde, 13, 0, 0.16532389637977904, 55, 6, 37.17748899844942, 41, 15, 19.86498751859375, 93, 7, -7.7324294708471335, 75, 7, 147.23828912328526, 557, 129, 106, 1.0, 
Erik Miller, 3, 6, -4.33649177763283, 17, 14, -69.57624753009009, 33, 22, -138.91898032781933, 43, 3, 55.68535254816737, 55, 1, -1.8448381559731013, 164, 38, 58, 1.0, 
Erik Sabrowski, 4, 1, 0.19356456381651554, 13, 7, 3.6794057571400884, 39, 26, 43.41067350391148, 25, 11, 7.876512158975018, 85, 1, 0.10315778091170569, 60, 14, 59, 1.0, 
Ethan Roberts, 5, 1, 0.6376266246345015, 18, 8, 30.048054257632543, 16, 1, 0.5766275584027104, 44, 6, 20.12747419762486, 42, 4, 8.462123429147537, 35, 7, 42, 1.0, 
Eury Perez, 17, 7, 0.44821252856568883, 58, 25, 0.006329584550911704, 45, 5, -0.8600288998674293, 83, 15, -5.337327041705365, 155, 14, 2.222858852186363, 239, 58, 137, 1.0, 
Evan Sisk, 0, 0, 0.0, 0, 0, 0.0, 0, 0, 0.0, 0, 0, 0.0, 0, 0, 0.0, 0, 0, 48, 0.6666666666666667, 
Fernando Cruz, 6, 0, 1.863020864205065, 26, 6, -37.339233135674434, 28, 4, 0.8066388836001508, 37, 1, 52.57147058807657, 88, 15, -74.64671661327992, 237, 55, 58, 1.0, 
Foster Griffin, 0, 0, 0.0, 0, 0, 0.0, 0, 0, 0.0, 0, 0, 0.0, 0, 0, 0.0, 0, 0, 132, 0.6666666666666667, 
Framber Valdez, 16, 10, -11.501468974682222, 72, 10, 5.170329900340214, 61, 9, -3.9506924204017793, 148, 11, 5.60505275188617, 186, 2, 2.049398463376945, 785, 191, 190, 1.0, 
Freddy Peralta, 20, 7, -3.7708085999224465, 57, 8, 28.042403069790634, 59, 15, -33.25666884533862, 103, 12, -8.323260015635448, 192, 5, 15.8388004010766, 611, 148, 164, 1.0, 
Gabe Speier, 5, 1, 2.059889706861177, 24, 3, 65.42164187804016, 19, 4, 145.08523210506397, 39, 3, 8.509035975852978, 77, 9, -62.126194860778895, 174, 43, 58, 1.0, 
Garrett Cleavinger, 7, 2, 9.81419621783018, 20, 4, -5.118138380326819, 24, 6, 46.885365850580456, 38, 2, -1.8929354307477748, 82, 9, -44.33606953657494, 203, 48, 63, 1.0, 
Garrett Crochet, 21, 5, -1.6535409524717855, 61, 1, 27.463428367160525, 45, 24, -33.590150620511125, 130, 7, -0.9727323708696733, 242, 34, 13.073542065576987, 563, 140, 188, 1.0, 
Garrett Whitlock, 5, 4, 17.288782663617162, 22, 5, 5.581763778238805, 20, 3, 75.14497175328077, 51, 2, 17.293473004356553, 80, 4, 14.252279232740545, 211, 51, 68, 1.0, 
Gavin Stone, 4, 1, 6.728211305858274, 15, 3, 90.09716053836031, 8, 0, 7.75080346464836, 26, 3, 14.144189386128051, 21, 2, 8.367414013637386, 157, 36, 28, 1.0, 
Gavin Williams, 19, 2, 6.832322007817162, 69, 17, -23.142147390678417, 77, 6, 8.852760159644651, 120, 12, 2.453076667930141, 170, 3, 2.115835945209819, 428, 100, 165, 1.0, 
George Kirby, 19, 0, 0.1439136833929941, 71, 4, 18.123349926038784, 33, 31, -114.09047290001956, 141, 8, -1.5486742235916537, 170, 7, 63.87816177484879, 650, 159, 169, 1.0, 
George Soriano, 10, 4, -20.669528090080597, 34, 6, -29.97502472576116, 22, 2, -2.704244406407433, 38, 5, 5.527703658511726, 43, 4, 10.894440274068188, 164, 36, 44, 1.0, 
German Marquez, 21, 0, 0.37956724928055185, 85, 2, 2.5956338988504393, 44, 2, 6.477407740690275, 130, 9, -0.7649651590766808, 81, 8, 0.07612305468181546, 390, 87, 118, 1.0, 
Gerrit Cole, 14, 1, 3.8904954674051537, 43, 2, 6.4716832302034835, 34, 3, 7.740902550082237, 83, 10, 33.569888516824086, 129, 14, 6.147050697592768, 334, 84, 121, 1.0, 
Gordon Graceffo, 4, 11, 8.26264960929231, 41, 2, 0.42026123816903826, 18, 7, 3.3835668831984123, 66, 2, 0.27195338078968545, 52, 19, 23.780128214937235, 96, 21, 59, 1.0, 
Graham Ashcraft, 6, 4, 18.241454083462884, 32, 2, 73.580736668129, 23, 1, 11.672669382954489, 63, 3, 21.261037042090617, 55, 3, 7.94304265424595, 430, 98, 64, 1.0, 
Grant Anderson, 11, 5, 112.8284063723387, 33, 2, 37.76440445948121, 24, 11, -112.36313007858172, 46, 2, 257.96744724118867, 59, 6, -0.6879132629045017, 177, 40, 57, 1.0, 
Grant Holmes, 14, 1, 1.2665415362707062, 50, 0, 0.2308765835578715, 46, 12, -21.71406248832954, 91, 9, -13.415841050904639, 124, 7, -7.2109218494888925, 309, 73, 118, 1.0, 
Grant Wolfram, 3, 3, 1.667922151987547, 24, 3, 1.556215069185786, 22, 10, 14.778496999348619, 49, 18, 45.27864654557959, 48, 7, 7.087278788915569, 66, 13, 41, 1.0, 
Grayson Rodriguez, 15, 3, 0.33280528539509246, 52, 6, 4.729812280399321, 37, 3, 1.861769353091899, 97, 2, 3.152910920604661, 128, 20, 19.421028387777042, 216, 51, 118, 1.0, 
Greg Weissert, 6, 1, 0.07089336728678308, 22, 6, -22.72169613676418, 20, 0, 0.17281709524071398, 52, 3, 28.884584914903744, 56, 3, 50.86745806833457, 216, 52, 64, 1.0, 
Gregory Santos, 2, 5, 8.19492280912234, 17, 2, 1.126829035097822, 12, 2, 2.0250770884606033, 44, 13, 49.40321328005774, 45, 1, 0.2966179464784018, 37, 8, 45, 1.0, 
Gregory Soto, 5, 5, -34.80119350709525, 29, 5, -3.4065395808994623, 26, 1, 85.82172680581925, 55, 1, 4.173133920981553, 69, 9, -75.06239423130461, 259, 58, 60, 1.0, 
Griffin Canning, 13, 0, 5.804900970017639, 46, 1, 7.037239510626515, 38, 9, 89.66167722560448, 79, 0, 2.8798273094037774, 87, 6, 30.245034483175644, 496, 116, 97, 1.0, 
Griffin Jax, 6, 2, -3.28479388602139, 25, 3, 11.284561821272476, 19, 11, -91.85408340636727, 50, 2, 48.32107523947124, 88, 13, -118.02076642023508, 280, 68, 65, 1.0, 
Gunnar Hoglund, 13, 9, 8.490689274557127, 32, 8, 7.685056388129496, 16, 7, 5.231416758043906, 40, 3, 1.5938487256759224, 34, 9, 8.523584428827363, 69, 16, 46, 1.0, 
Gus Varland, 3, 2, 3.3713085513920245, 16, 7, 30.04686371364825, 14, 0, 104.99716184281841, 34, 5, 13.80580854762595, 32, 0, 5.531111911229442, 46, 9, 31, 1.0, 
Hayden Birdsong, 7, 2, -4.413335199910678, 27, 5, -12.106335239924903, 30, 5, -2.8541519599202942, 39, 1, 137.99152675010683, 60, 2, 19.539269666168025, 245, 54, 53, 1.0, 
Hayden Harris, 0, 0, 0.0, 0, 0, 0.0, 0, 0, 0.0, 0, 0, 0.0, 0, 0, 0.0, 0, 0, 38, 0.6666666666666667, 
Hayden Wesneski, 4, 2, -44.673915078217334, 11, 2, 15.305178652969033, 6, 2, -8.287591351480188, 17, 2, 62.5459119456069, 24, 0, 54.623876100781466, 231, 55, 25, 1.0, 
Hoby Milner, 5, 4, -14.743724295978392, 26, 1, 107.58140070912629, 16, 3, 0.48231998329205084, 53, 0, 60.915660373944256, 55, 4, 4.055433186067411, 271, 65, 62, 1.0, 
Hogan Harris, 6, 3, -7.287012316582906, 27, 4, 95.50299754994882, 31, 3, 55.993220751242816, 51, 6, -29.74563521144931, 62, 2, 23.105170852159453, 268, 61, 66, 1.0, 
Huascar Brazoban, 4, 3, -14.306392407846822, 22, 2, 6.635243952553637, 26, 4, 37.756371016026904, 38, 3, 10.174654646984607, 53, 5, 14.743147056206865, 219, 51, 53, 1.0, 
Hunter Barco, 0, 0, 0.0, 0, 0, 0.0, 0, 0, 0.0, 0, 0, 0.0, 0, 0, 0.0, 0, 0, 86, 0.6666666666666667, 
Hunter Bigge, 0, 0, 0.0, 0, 0, 0.0, 0, 0, 0.0, 0, 0, 0.0, 0, 0, 0.0, 0, 0, 47, 0.6666666666666667, 
Hunter Brown, 19, 0, 2.2668260822448114, 63, 9, -2.7525549213732887, 58, 2, 12.53852927903915, 130, 10, 1.524278216758546, 197, 2, 66.01559290078194, 652, 158, 179, 1.0, 
Hunter Dobbins, 9, 4, 0.5574987006773711, 40, 7, 1.458858580729622, 24, 3, 0.2987562523495111, 78, 7, 1.7708573725646914, 63, 0, 0.0005144796401272212, 128, 30, 86, 1.0, 
Hunter Gaddis, 6, 0, 14.957831088340903, 21, 3, 48.74691175470855, 18, 2, 30.07368446698129, 46, 0, 83.9279802707932, 65, 9, -55.0005470401026, 227, 56, 67, 1.0, 
Hunter Greene, 14, 4, 5.0355136628747665, 40, 1, 3.025972555167824, 37, 4, 41.92992191312564, 71, 16, -57.18324994941355, 141, 0, 28.108420786647716, 515, 123, 115, 1.0, 
Hunter Harvey, 5, 2, 5.486729463927422, 21, 3, 3.525380394132654, 15, 5, 7.8774152291727155, 42, 1, 27.816376124775267, 56, 0, 14.789001005220744, 101, 24, 50, 1.0, 
Hurston Waldrep, 3, 5, 1.736782536606217, 20, 7, 3.849111972554887, 22, 8, 4.415480790805255, 45, 5, 1.9826111654982341, 59, 0, 0.0029947449032323922, 114, 28, 60, 1.0, 
Ian Hamilton, 4, 2, 7.413494218234245, 19, 1, 49.760431781815015, 21, 1, 26.04971303602516, 32, 3, 22.01840791614709, 49, 1, -1.635426807994743, 176, 41, 45, 1.0, 
Isaac Mattson, 5, 2, 0.3987996293051568, 17, 3, 0.5304361235248853, 23, 10, 5.680687193297118, 40, 6, 2.0476429952213735, 59, 0, 0.0022404695001227368, 99, 23, 62, 1.0, 
J.T. Ginn, 11, 3, 7.018005721917305, 38, 0, 6.260646997462178, 23, 5, -10.598139212313072, 65, 9, -8.471014777308994, 72, 7, -4.401611207379787, 213, 49, 73, 1.0, 
JP Sears, 10, 3, -14.63291356099164, 29, 2, 37.04017004953795, 16, 8, -15.765911423527939, 46, 1, 7.259543167703771, 47, 0, 6.287971407985074, 591, 139, 56, 1.0, 
JT Brubaker, 1, 8, 3.9346295224717096, 23, 2, 3.2460215775633, 22, 8, 11.73575230005764, 45, 3, 0.0804851301314109, 44, 1, 3.1476185116294326, 217, 49, 55, 1.0, 
Jack Flaherty, 21, 4, 8.16018367053635, 73, 1, 15.390261010917412, 58, 13, 46.79788819415349, 123, 2, 6.852204830840388, 182, 16, 22.201229711994714, 536, 125, 157, 1.0, 
Jack Kochanowicz, 7, 0, 3.355707876089067, 31, 0, 21.714458509484928, 18, 2, 185.49879997801776, 49, 3, -6.7155231444113355, 28, 12, 56.61341832973096, 311, 70, 49, 1.0, 
Jack Leiter, 22, 0, 0.1912287552312894, 97, 9, 42.87338020552127, 73, 21, -40.49645716128293, 129, 2, 15.361829300830776, 146, 14, -16.359762657883763, 327, 74, 153, 1.0, 
Jackson Rutledge, 12, 3, 0.7137642942836582, 37, 4, 1.275837302963664, 20, 10, 6.801443495625989, 56, 13, 12.063924589870823, 52, 3, 0.8776690256533364, 165, 36, 59, 1.0, 
Jacob Latz, 10, 2, 3.9641434072728465, 35, 0, 2.8577272564925558, 48, 18, -61.92572636456396, 72, 17, -57.738881836500866, 93, 11, -22.146276696925156, 216, 51, 101, 1.0, 
Jacob Lopez, 18, 8, 0.9576324589844809, 57, 8, 0.9663167055565385, 51, 13, 2.839392333190439, 89, 11, 2.0123874272274485, 152, 15, 3.706403776262384, 199, 46, 123, 1.0, 
Jacob Misiorowski, 16, 0, 0.0027354621634548305, 66, 3, 0.10778228166353476, 64, 1, 0.024848176545440692, 92, 26, 8.15096365046314, 179, 1, 0.020284913635155832, 136, 33, 136, 1.0, 
Jacob Webb, 6, 0, 19.40297374181535, 19, 2, 34.48388648270135, 21, 1, 6.487374946533436, 33, 1, 1.7098842339317635, 53, 2, 12.434089038765556, 228, 54, 55, 1.0, 
Jacob deGrom, 20, 6, 3.124044071449948, 51, 5, -0.18582729435584078, 35, 34, 31.54821437870342, 89, 6, 4.029711641152808, 190, 28, -27.115762898842306, 238, 62, 161, 1.0, 
Jaden Hill, 3, 2, 0.9550128695536326, 16, 2, 0.4700551005726634, 17, 7, 6.516442842813177, 37, 3, 1.1201799323865949, 46, 5, 3.3902856753734483, 64, 14, 44, 1.0, 
Jake Bird, 6, 2, -2.302640011720168, 30, 0, 57.75952712052076, 25, 6, -19.301998099258952, 51, 3, 22.37047006721634, 54, 5, 61.81787941869047, 256, 57, 54, 1.0, 
Jake Irvin, 20, 9, -10.278199520698351, 65, 15, -7.456877685760816, 39, 2, 11.516424397855882, 100, 9, -0.7776876769406087, 89, 0, 35.649352758863536, 646, 151, 119, 1.0, 
Jakob Junis, 6, 1, 5.822891677879949, 22, 2, 1.0468234022084602, 14, 8, -27.780378908635242, 50, 7, -31.019263842707062, 53, 0, 209.08873455644536, 343, 82, 63, 1.0, 
Jalen Beeks, 4, 1, -0.9738945673120032, 21, 1, 12.321021104452955, 16, 4, -31.632813151779985, 36, 4, 55.46986438122313, 39, 3, -17.585668472667024, 246, 57, 45, 1.0, 
James McArthur, 4, 0, 0.18369774407926767, 16, 1, 2.4445901484962134, 8, 2, 4.818704791570313, 32, 4, 18.666688393754534, 26, 6, 30.145032219432856, 74, 16, 31, 1.0, 
Jameson Taillon, 23, 11, -15.963843787438115, 62, 4, 23.87429642659818, 35, 22, -87.83180745852704, 114, 9, 41.908589244139414, 119, 0, 16.289891941579427, 644, 156, 152, 1.0, 
Janson Junk, 7, 7, 1.7400421832308801, 40, 6, 1.2202701223781887, 13, 23, 17.065522913461024, 80, 2, 0.12407904906626199, 60, 4, 0.6713332151649656, 223, 55, 85, 1.0, 
Jared Jones, 13, 5, 2.140571465877895, 42, 7, 4.692140393009866, 29, 3, 0.9278145750012177, 70, 12, 12.096111148442251, 100, 15, 18.624019542721463, 151, 36, 94, 1.0, 
Jared Koenig, 5, 3, -4.649499324501615, 22, 8, -2.293709824127859, 21, 3, 4.997954018944803, 51, 2, -2.043951472409333, 63, 2, 33.396048592536715, 205, 48, 64, 1.0, 
Jason Adam, 4, 2, 0.8236558297009822, 13, 7, -44.24133030224783, 19, 2, 17.91239055341659, 33, 3, 81.17095629390639, 63, 2, 186.61371079617916, 252, 63, 56, 1.0, 
Jason Alexander, 9, 0, 0.26661759213138403, 27, 5, 1.3740797373789775, 18, 7, 7.3135239665802345, 43, 1, 1.9561236097407506, 41, 0, 2.8102084276123485, 187, 42, 50, 1.0, 
Jason Foley, 2, 2, 6.654033556060984, 10, 2, 6.296067435835848, 8, 1, 23.941687091994606, 24, 2, 46.1923479038096, 21, 0, 2.2362959766160495, 130, 31, 28, 1.0, 
Javier Assad, 6, 1, 6.050404008199715, 24, 0, 8.699047752830186, 22, 6, 2.7351852544380932, 50, 3, -0.4146901464740047, 46, 2, 145.08788461263072, 351, 82, 62, 1.0, 
Jeff Hoffman, 8, 4, 28.29697173798231, 23, 4, 123.87262038072626, 22, 1, 65.10927901217849, 38, 5, 3.9742372212978836, 79, 5, 52.62121299993806, 239, 57, 63, 1.0, 
Jeffrey Springs, 23, 10, -9.400825301316182, 65, 4, 29.81541908023323, 50, 2, 9.030137068656947, 126, 0, 31.89617204196864, 149, 16, 25.089185907988536, 407, 98, 162, 1.0, 
Jeremiah Estrada, 8, 3, 15.456503453777714, 23, 7, -15.814307678356599, 26, 5, -13.331020277389008, 41, 9, -36.662229010787755, 101, 7, -16.24102371002879, 222, 53, 68, 1.0, 
Jesse Scholtens, 5, 2, 2.418887469989154, 18, 3, 6.841415793653549, 11, 2, 3.002871496111201, 32, 1, 1.8218649246879977, 22, 2, 3.57810882115896, 49, 11, 33, 1.0, 
Jesus Luzardo, 19, 4, 3.010069961079574, 79, 15, 13.639899944950926, 57, 8, 26.532515898252743, 136, 20, 41.80948253923489, 192, 0, 5.1206840838604855, 543, 131, 176, 1.0, 
Jhoan Duran, 4, 3, -6.53660727875398, 19, 3, 67.95367633145362, 19, 3, -13.081444932270959, 50, 11, -109.38130430011282, 81, 1, 35.54273189382791, 259, 63, 67, 1.0, 
Jimmy Herget, 7, 1, 29.51766768614566, 25, 10, 4.362796911619853, 22, 0, 7.743355981012804, 60, 2, 5.854844921582825, 71, 2, 37.904102514705215, 172, 42, 75, 1.0, 
JoJo Romero, 4, 4, 6.525803578657531, 19, 3, 27.47980634983868, 22, 7, 82.80612165797743, 45, 7, 14.784549248353471, 57, 0, 58.15221960917803, 199, 48, 62, 1.0, 
Joe Boyle, 8, 2, -0.008334387224283368, 44, 15, -29.365156136439083, 49, 16, 215.1016804172, 58, 3, -4.334475578885687, 89, 0, 99.38337554932016, 180, 39, 78, 1.0, 
Joe Musgrove, 17, 3, 1.7912402288318325, 56, 3, 14.465763296842086, 34, 14, 2.747542935519647, 114, 2, 5.415487069784338, 143, 6, 0.8733606257211903, 258, 62, 142, 1.0, 
Joe Ryan, 24, 13, -23.905233375036836, 65, 20, -47.27936430526562, 39, 23, -70.8096406648807, 113, 1, 16.257147967792122, 191, 12, 8.35931930599314, 625, 153, 168, 1.0, 
Joel Payamps, 7, 0, 2.031861036350426, 28, 1, 30.90999517868776, 16, 2, 1.2643535572939513, 43, 3, -6.761993285704328, 48, 8, 32.07891974964045, 220, 52, 51, 1.0, 
Joel Peguero, 0, 0, 0.0, 0, 0, 0.0, 0, 0, 0.0, 0, 0, 0.0, 0, 0, 0.0, 0, 0, 49, 0.6666666666666667, 
Joey Cantillo, 15, 3, 1.0662895298066237, 55, 7, -6.739556905945669, 54, 9, 94.75452745260841, 95, 3, 7.345464783114271, 152, 18, -17.138233714653367, 225, 53, 131, 1.0, 
Joey Estes, 5, 2, 3.9634820637416066, 18, 2, 3.3508079174020065, 7, 4, 13.62721759156982, 28, 6, 23.761941317448095, 24, 0, 0.2969683226444585, 162, 38, 33, 1.0, 
Joey Lucchesi, 3, 0, 0.17225354793506997, 14, 0, 11.379959019762119, 12, 0, 3.248188292580494, 30, 2, 0.42816764655606576, 29, 1, 17.355202422654877, 113, 26, 37, 1.0, 
Johan Oviedo, 13, 0, 13.126521313112573, 41, 8, -2.3587134766760087, 52, 6, 0.09630263964576002, 60, 19, 1.6319699472337845, 99, 2, 1.6060880695256219, 278, 63, 98, 1.0, 
John Brebbia, 6, 2, 1.504676531128915, 25, 2, 66.86248181942965, 15, 3, -4.31555419584393, 32, 2, 28.812895545584887, 40, 3, 119.91712209441529, 201, 46, 35, 1.0, 
John King, 5, 0, 21.24486256663594, 21, 2, 11.158944109481027, 13, 2, -3.266606199909198, 50, 12, -298.20609482096535, 30, 10, -227.13013473665467, 212, 49, 48, 1.0, 
John Schreiber, 6, 0, 44.18938221721267, 25, 0, 6.4055506849229555, 21, 2, 15.625135695289256, 49, 0, 89.01526848691854, 61, 1, 40.62233751454981, 237, 56, 62, 1.0, 
Jon Gray, 5, 0, 3.634486568846118, 22, 0, 5.070379419857033, 14, 0, 6.407894404935148, 41, 2, 8.68636547166577, 41, 3, 39.23909385082183, 269, 64, 47, 1.0, 
Jonathan Cannon, 15, 0, 0.020416108605079142, 55, 4, 7.0944739270327055, 33, 5, 13.494406052309, 84, 5, 106.86133591331262, 74, 1, -0.20446147314220697, 395, 90, 93, 1.0, 
Jonathan Loaisiga, 8, 5, 16.968752987451623, 19, 1, 7.4141000530419205, 13, 2, 0.9526251005549895, 37, 1, 6.62208067712515, 33, 6, 4.815879764679977, 96, 22, 40, 1.0, 
Jonathan Pintaro, 0, 0, 0.0, 0, 0, 0.0, 0, 0, 0.0, 0, 0, 0.0, 0, 0, 0.0, 0, 0, 25, 0.6666666666666667, 
Jordan Hicks, 6, 7, -66.87074398462788, 35, 7, -48.18886521320047, 27, 4, 8.311445074397191, 55, 3, 3.508742783343493, 53, 3, 16.3275601178427, 335, 75, 57, 1.0, 
Jordan Leasure, 11, 4, -2.917635015242876, 33, 0, 72.48488526502916, 31, 4, 37.3941812837562, 44, 11, 48.71197096068747, 70, 3, -2.2856692499886044, 164, 38, 63, 1.0, 
Jordan Montgomery, 6, 2, 4.137871797462705, 29, 2, 1.3232525151296155, 16, 2, 6.117323936612707, 51, 3, 7.5466792362157715, 40, 3, 14.556149189426097, 338, 80, 51, 1.0, 
Jordan Romano, 10, 2, 4.2640664210882875, 42, 3, 17.496658323659606, 24, 9, 82.54483004635537, 47, 16, 48.7658582066764, 64, 9, 15.932589042679979, 161, 38, 57, 1.0, 
Jordan Wicks, 5, 2, 4.071320739235526, 19, 3, 8.281930489997354, 13, 1, 1.417801811767081, 32, 2, 2.0009291740721293, 30, 6, 26.52279509543215, 77, 17, 34, 1.0, 
Jorge Lopez, 3, 3, 9.923744256681132, 17, 0, 35.705798637987634, 10, 1, 75.41042861854783, 27, 2, 57.31447970755946, 25, 0, 5.479601199095794, 221, 51, 30, 1.0, 
Jose A. Ferrer, 5, 6, -28.324513500236677, 32, 0, 4.716765787605651, 16, 8, -1.638844947663813, 63, 3, -8.051122129777738, 57, 11, -9.920240485334261, 184, 44, 68, 1.0, 
Jose Alvarado, 6, 1, 18.477625873904095, 23, 4, 33.025038144883176, 21, 3, -0.4465561964409517, 44, 12, -122.58723770240516, 72, 4, 9.104023326213678, 189, 44, 59, 1.0, 
Jose Berrios, 19, 7, -15.04368239589014, 58, 8, -6.139341263502061, 40, 0, 9.946932019321949, 104, 0, 22.027974765610814, 110, 11, -17.51084372619149, 754, 179, 132, 1.0, 
Jose Butto, 5, 8, -43.95247039598421, 26, 13, -144.56706192057098, 31, 1, 5.083234947161138, 46, 3, 148.11992881868656, 59, 0, 32.37977483222381, 234, 56, 64, 1.0, 
Jose Fermin, 7, 5, 6.110295663628577, 17, 2, 1.5011393061629121, 23, 7, 9.864553313443537, 19, 9, 15.854953395296263, 40, 5, 6.1545188759169065, 76, 17, 35, 1.0, 
Jose Leclerc, 4, 0, 0.315540566538564, 16, 1, 0.36804337560608524, 18, 4, 40.32223228628774, 27, 3, 8.036641003864162, 50, 0, 5.914853092209857, 119, 28, 39, 1.0, 
Jose Quintana, 16, 0, 14.121619096123439, 58, 2, 38.20968432660574, 49, 11, -20.078159168529126, 111, 0, 13.476422606479172, 103, 3, 47.94419334928052, 567, 135, 139, 1.0, 
Jose Soriano, 15, 19, -32.78373505100156, 76, 20, -25.66047306512273, 75, 12, -5.119758841270453, 135, 0, 32.691843600460835, 158, 16, -23.89204708100329, 426, 100, 170, 1.0, 
Jose Suarez, 5, 1, 13.277855484722263, 23, 4, 10.26999224906416, 17, 3, 18.716804685354752, 33, 0, 0.09407807845831317, 34, 1, 17.006197954736315, 144, 32, 34, 1.0, 
Jose Urena, 5, 1, 11.617392518343935, 19, 1, 15.97216575177449, 15, 5, -65.46733798881823, 34, 0, 49.284108577837145, 25, 7, -151.2419110923472, 335, 76, 39, 1.0, 
Jose Urquidy, 15, 2, 2.9927513865254483, 48, 1, 1.7837469751856758, 31, 8, 5.882063561644625, 74, 3, 2.4203756075350125, 69, 8, 27.185573717389637, 95, 22, 90, 1.0, 
Josh Hader, 7, 4, -14.884113052773074, 16, 0, 126.59462664892133, 20, 5, 12.438273385188566, 25, 8, -98.92801073228844, 80, 5, 22.414974230067557, 233, 57, 55, 1.0, 
Josh Sborz, 7, 2, 1.457638675722065, 29, 8, 15.931344994301682, 17, 11, 27.43564844920128, 34, 8, 14.024078550268989, 63, 3, 2.4551825888090155, 27, 6, 50, 1.0, 
Josh Walker, 0, 0, 0.0, 0, 0, 0.0, 0, 0, 0.0, 0, 0, 0.0, 0, 0, 0.0, 0, 0, 28, 0.6666666666666667, 
Josiah Gray, 17, 2, 17.638299375300562, 48, 9, 48.082046373468835, 47, 1, 12.038823965351304, 75, 0, 0.19713771769898863, 92, 5, 3.1857131838323323, 134, 30, 98, 1.0, 
Jovani Moran, 3, 5, 7.2954664501343345, 23, 6, 31.389973785058405, 28, 5, 13.404225376285847, 35, 6, 10.794926727757506, 61, 3, 23.263712319122547, 34, 8, 51, 1.0, 
Juan Burgos, 0, 0, 0.0, 0, 0, 0.0, 0, 0, 0.0, 0, 0, 0.0, 0, 0, 0.0, 0, 0, 27, 0.6666666666666667, 
Juan Mejia, 6, 2, 0.32982198456077194, 28, 0, 0.0015661885977471743, 28, 12, 7.752925356335751, 47, 7, 2.8829128051398456, 71, 7, 3.2176227993664313, 130, 30, 64, 1.0, 
Juan Morillo, 2, 3, 2.8440162477759685, 15, 3, 3.655899854351837, 17, 8, 17.278437788563195, 32, 4, 4.739879197491604, 32, 0, 0.03417948405709753, 76, 17, 31, 1.0, 
Julian Aguiar, 7, 3, 9.366949507510427, 21, 5, 20.966746880129165, 12, 2, 6.033113123423441, 22, 5, 20.179168409569716, 20, 11, 93.62993035851355, 42, 9, 31, 1.0, 
Julian Fernandez, 0, 0, 0.0, 0, 0, 0.0, 0, 0, 0.0, 0, 0, 0.0, 0, 0, 0.0, 0, 0, 42, 0.6666666666666667, 
Justin Bruihl, 4, 4, 4.416345326985003, 29, 7, 10.717974533541089, 18, 6, 9.749748996880562, 46, 2, 1.2924296613835637, 38, 3, 2.9127906805755495, 15, 3, 50, 1.0, 
Justin Lawrence, 7, 3, 2.639494361146438, 35, 0, 7.576428147266377, 28, 9, 62.90131906143545, 55, 2, 20.786306587968788, 49, 3, 3.7394378378602813, 132, 29, 56, 1.0, 
Justin Slaten, 5, 2, -4.3958378412172525, 24, 1, 57.884881020328166, 15, 5, 15.501986333398158, 44, 4, -10.557554325331083, 51, 1, 18.953131598391035, 144, 35, 60, 1.0, 
Justin Steele, 7, 3, 0.7667128655944557, 30, 8, 2.1973259107607426, 24, 2, 25.34883929222893, 68, 2, 29.05800700189329, 86, 4, 2.4970806125339546, 297, 71, 85, 1.0, 
Justin Sterner, 9, 3, 0.8311122508862621, 22, 4, 1.0465901886318445, 20, 2, 0.3706202555979896, 37, 2, 0.27478050823771083, 68, 12, 7.874169259207093, 133, 32, 65, 1.0, 
Justin Topa, 3, 8, -7.264013723512491, 26, 8, -7.438038835282484, 18, 0, 1.3373505060635922, 63, 10, 4.020405997611164, 51, 4, 38.12551441990726, 172, 40, 62, 1.0, 
Justin Verlander, 16, 0, 6.163134370681793, 62, 5, 39.17101471482481, 42, 1, 25.194188158885137, 120, 6, 55.71478930222827, 123, 4, 81.61291981353112, 598, 144, 139, 1.0, 
Justin Wilson, 5, 0, 53.61394214049674, 21, 5, 113.87363309626622, 16, 2, 35.85791260520246, 41, 0, 3.086126111515827, 49, 5, -22.665377922830288, 166, 37, 43, 1.0, 
Justin Wrobleski, 8, 0, 28.687275721482834, 32, 2, 27.42398217787938, 20, 7, 8.460759024705766, 48, 7, -28.440289237626118, 57, 0, 102.18614105856473, 173, 40, 58, 1.0, 
Kade Strowd, 3, 6, 2.7836333291069018, 12, 10, 6.764804429233905, 26, 17, 20.403961694351665, 33, 1, 0.16142164978589402, 53, 2, 0.5021144292357143, 52, 13, 58, 1.0, 
Kai-Wei Teng, 3, 3, 1.265682697197521, 29, 14, 24.05685335860602, 24, 6, 5.5442189801268, 38, 9, 10.529141997886654, 57, 1, 0.2827872537931415, 69, 14, 43, 1.0, 
Keaton Winn, 5, 0, 2.2217581541737954, 21, 8, 43.50724943664355, 10, 4, 11.294620243631975, 26, 0, 11.010399602124448, 27, 1, 4.395335094275291, 88, 20, 32, 1.0, 
Keegan Akin, 8, 0, 25.265982226927107, 28, 3, 23.077394010514325, 26, 6, 47.84387228844875, 49, 2, 199.09678608406415, 69, 0, 135.65672203832997, 255, 61, 65, 1.0, 
Keegan Thompson, 4, 1, 3.836966338908057, 16, 3, 67.28765778031612, 23, 5, 10.112090360206047, 25, 6, 20.608316805464483, 45, 3, 96.7885552291619, 122, 28, 42, 1.0, 
Keider Montero, 10, 2, -2.5876495467244442, 29, 3, -3.917324798993416, 19, 2, 63.60925941717022, 50, 4, 9.53309179366407, 45, 1, 34.18568577455425, 320, 75, 57, 1.0, 
Kendall Graveman, 4, 0, 1.3048421212947383, 13, 4, 11.200597918556728, 17, 2, 7.453655484685212, 26, 0, 13.23502094877961, 36, 0, 2.6566971903742425, 56, 13, 36, 1.0, 
Kenley Jansen, 6, 0, 5.701812107154506, 19, 1, 17.70088552299587, 19, 3, 4.646596076479419, 34, 4, 46.85660179813401, 62, 1, 13.122661882070954, 225, 55, 58, 1.0, 
Kervin Castro, 0, 0, 0.0, 0, 0, 0.0, 0, 0, 0.0, 0, 0, 0.0, 0, 0, 0.0, 0, 0, 27, 0.6666666666666667, 
Kevin Gausman, 19, 1, 0.36090913507945, 71, 0, 3.8762870204514805, 49, 7, 9.316526429850295, 136, 9, 102.56841896388552, 180, 0, 73.07992974826452, 754, 183, 178, 1.0, 
Kevin Ginkel, 5, 7, -46.96060663745013, 36, 3, -10.668943946119597, 24, 4, 17.395138497846446, 58, 1, 26.537074246832923, 67, 14, -212.37340350748167, 197, 47, 61, 1.0, 
Kevin Kelly, 8, 2, 46.11083379762365, 22, 1, 19.01357769953553, 10, 12, -245.04584111318195, 36, 5, -8.3555476362841, 40, 1, 26.711761104184934, 224, 54, 46, 1.0, 
Kirby Yates, 7, 4, 25.03228894157793, 22, 0, 147.73200597059113, 24, 0, 84.68402480412969, 31, 10, -77.22912055808655, 72, 4, -17.473148551262426, 207, 50, 54, 1.0, 
Kodai Senga, 13, 2, 0.2930116848731579, 42, 15, 8.1971062002035, 58, 1, 50.87877032774166, 85, 6, 3.800239635768442, 124, 9, 7.9121499688110575, 370, 87, 121, 1.0, 
Kody Funderburk, 5, 7, -31.107698239739506, 34, 14, -101.6780832543387, 27, 2, 72.392996402114, 64, 3, 6.303232357986129, 60, 5, -6.733765491167382, 137, 30, 62, 1.0, 
Kris Bubic, 10, 10, -13.637418048164548, 46, 18, -26.889210051637207, 41, 4, 87.88508376811755, 113, 6, 44.48897536413597, 151, 11, 3.8540898689840546, 343, 79, 140, 1.0, 
Kumar Rocker, 17, 1, 0.04444732056885692, 61, 6, 1.1134047005671874, 36, 12, 3.7129243405105896, 89, 17, 7.217002581088664, 85, 3, 0.3473898121449901, 143, 32, 98, 1.0, 
Kutter Crawford, 12, 6, 5.489538245965473, 38, 7, 3.6503514060494098, 23, 2, 0.21999279082732048, 58, 15, 14.197981218870936, 79, 1, 12.252597687352113, 270, 64, 80, 1.0, 
Kyle Backhus, 5, 0, 0.07512108945195262, 23, 0, 0.011620044586481054, 14, 1, 0.12076757423162343, 45, 2, 0.6035664013210056, 39, 9, 9.747755141672329, 57, 12, 46, 1.0, 
Kyle Bradish, 12, 3, 2.7974957660526423, 43, 0, 3.199764976461452, 48, 16, -46.41803699897696, 89, 19, -84.36710827424957, 186, 2, 38.915487243776994, 367, 89, 139, 1.0, 
Kyle Finnegan, 6, 0, 18.54952059593063, 25, 0, 7.059174445273498, 20, 3, -7.6773170312655665, 48, 4, 8.756560409169197, 60, 3, -2.2575052927062558, 264, 63, 62, 1.0, 
Kyle Freeland, 24, 6, 4.247209594485772, 88, 11, -18.493391908129055, 40, 14, -32.101529804687736, 162, 15, -33.33817570309653, 118, 0, 32.946604295366456, 660, 151, 160, 1.0, 
Kyle Harrison, 11, 2, 24.534910611548668, 41, 0, 138.21058250706594, 31, 1, 2.592746691326276, 73, 2, 37.13518265816478, 89, 1, 12.240805374098596, 258, 59, 87, 1.0, 
Kyle Hart, 7, 1, 0.39815454625656344, 22, 3, 1.7235236561567007, 11, 7, 10.165958292785419, 24, 7, 9.960713709680817, 29, 0, 0.08719465233877421, 89, 21, 34, 1.0, 
Kyle Hurt, 0, 0, 0.0, 0, 0, 0.0, 0, 0, 0.0, 0, 0, 0.0, 0, 0, 0.0, 0, 0, 39, 0.6666666666666667, 
Kyle Leahy, 8, 7, -8.983163001633542, 43, 3, 38.83101518051768, 31, 4, 31.524335171258105, 91, 2, 9.686186381206799, 94, 12, -24.91313036751791, 221, 54, 113, 1.0, 
Kyle Nicolas, 3, 5, -25.197164409146495, 21, 2, 1.7914077703165852, 21, 2, -4.550693659002036, 34, 4, 59.68034996376606, 39, 1, 7.371770875361757, 164, 36, 42, 1.0, 
Kyle Wright, 4, 1, 1.2705095031943028, 19, 3, 8.99111967404442, 13, 1, 1.3633155680868594, 29, 0, 4.515039467741039, 30, 3, 25.725915973317512, 89, 21, 29, 1.0, 
Lake Bachar, 6, 1, 0.14293055616870087, 21, 0, 0.024794338557189377, 22, 8, 6.1793453658079045, 32, 3, 0.9234824585107333, 52, 1, 0.28085978709133474, 148, 35, 50, 1.0, 
Lance McCullers Jr., 17, 2, 0.4326762791098895, 69, 21, -4.059951439987003, 65, 15, 24.6427305046398, 92, 21, 19.79248415595768, 107, 20, 5.727378006794169, 133, 29, 100, 1.0, 
Landen Roupp, 10, 9, -5.240234918327911, 52, 17, -27.5183527533234, 55, 1, 2.9834763190832456, 108, 9, 30.9147606475912, 117, 18, -45.96714607733952, 277, 62, 120, 1.0, 
Liam Hendriks, 2, 0, 0.8609929633253377, 5, 0, 0.38179686580278477, 5, 4, 16.121067770233388, 11, 3, 8.845127452284041, 28, 1, 2.4355086175939378, 35, 8, 27, 0.6666666666666667, 
Logan Allen, 14, 2, 0.08450115443419381, 61, 2, 39.86031230299427, 44, 14, -47.68360309331864, 113, 0, 60.37266893223801, 95, 4, 3.337379973807426, 415, 95, 121, 1.0, 
Logan Gilbert, 22, 8, -6.499943306479118, 61, 10, -6.395832150046928, 38, 22, -73.01688774842887, 108, 6, -1.4497076832504163, 190, 23, -56.152841362801894, 718, 178, 165, 1.0, 
Logan Webb, 15, 15, -23.78419321782946, 74, 21, -42.56204834702548, 46, 23, -53.35459168485826, 178, 20, 14.82665763087725, 187, 22, -12.414820961745846, 833, 204, 196, 1.0, 
Lucas Erceg, 4, 5, -23.226344234587835, 22, 2, 49.626190433304664, 20, 0, 60.594726766441205, 49, 6, -26.221131877372777, 60, 0, 14.632820715280916, 233, 54, 62, 1.0, 
Lucas Giolito, 16, 3, 10.915330952720804, 50, 1, 15.931148111796166, 45, 4, 58.056075612200814, 93, 1, 2.651558558710751, 107, 12, -11.36209973444683, 491, 114, 119, 1.0, 
Luinder Avila, 0, 0, 0.0, 0, 0, 0.0, 0, 0, 0.0, 0, 0, 0.0, 0, 0, 0.0, 0, 0, 37, 0.6666666666666667, 
Luis Castillo, 22, 5, -2.36449457529858, 69, 0, 4.882552604906123, 48, 9, -11.039952570907381, 136, 4, 3.9346960087563083, 174, 14, -3.343669619464798, 720, 175, 177, 1.0, 
Luis Curvelo, 0, 0, 0.0, 0, 0, 0.0, 0, 0, 0.0, 0, 0, 0.0, 0, 0, 0.0, 0, 0, 33, 0.6666666666666667, 
Luis Garcia, 4, 3, 0.16564789804181146, 25, 0, 10.549837066153176, 21, 7, 57.46131179743031, 52, 5, 71.47822814481471, 53, 2, 218.5226447605238, 215, 50, 58, 1.0, 
Luis Gil, 10, 2, -0.48996781083411634, 39, 5, -3.414395660166198, 53, 24, 81.65150214630131, 70, 9, -7.596099605196201, 89, 1, 42.342845865420855, 352, 83, 102, 1.0, 
Luis Medina, 8, 7, 6.70113924196923, 42, 0, 1.039572696603824, 36, 6, 4.726659253438301, 67, 13, 30.237874082887473, 62, 0, 32.38700527983579, 145, 32, 73, 1.0, 
Luis Mey, 0, 0, 0.0, 0, 0, 0.0, 0, 0, 0.0, 0, 0, 0.0, 0, 0, 0.0, 0, 0, 33, 0.6666666666666667, 
Luis Morales, 17, 9, 1.3983510786777718, 39, 7, 0.9947448739422224, 40, 13, 3.0053342663604, 70, 5, 0.4400142779337184, 102, 10, 1.745141189657435, 99, 24, 113, 1.0, 
Luis Peralta, 8, 5, 7.34856332386282, 31, 8, 18.697400528071796, 26, 16, 66.41634797378401, 32, 1, 0.726665622361665, 26, 5, 6.296362602132561, 50, 9, 30, 1.0, 
Luis Severino, 22, 0, 19.557595967002015, 84, 1, 2.424406889524648, 54, 2, 1.5959226468513332, 146, 14, -26.026633378116593, 141, 0, 96.39131204333795, 572, 133, 169, 1.0, 
Luke Jackson, 4, 3, 1.0989329512401582, 21, 4, 24.37657865379275, 21, 6, -85.75914328855458, 33, 5, -32.07430698785768, 41, 1, 79.73861263532811, 185, 42, 43, 1.0, 
Luke Weaver, 9, 3, 29.758386034104753, 29, 3, 33.00141128242461, 21, 2, 33.393358810802916, 45, 9, 114.31490746521621, 74, 0, 94.91690034547928, 332, 76, 66, 1.0, 
MacKenzie Gore, 19, 0, 16.596542306816854, 75, 10, 25.389556912483357, 67, 13, -13.476478991601716, 135, 10, 13.577293641713602, 181, 13, 74.9062417759158, 575, 132, 159, 1.0, 
Marc Church, 0, 0, 0.0, 0, 0, 0.0, 0, 0, 0.0, 0, 0, 0.0, 0, 0, 0.0, 0, 0, 30, 0.6666666666666667, 
Marcus Stroman, 7, 1, -1.8752128933963057, 34, 2, 0.9136265004696345, 22, 4, -3.1429645548202814, 56, 5, 6.945889041383651, 43, 2, 19.399404927199146, 498, 116, 59, 1.0, 
Mark Leiter Jr., 7, 0, 6.6625218032738225, 31, 0, 8.190499215759107, 23, 5, 7.533757113795247, 56, 5, 11.255727943960153, 76, 8, -33.688166915148486, 256, 59, 62, 1.0, 
Martin Perez, 5, 0, 7.305079912716423, 18, 0, 3.0667411532682562, 15, 4, -44.211603471194024, 34, 5, 13.217238130022963, 33, 1, 17.786214913982608, 561, 132, 43, 1.0, 
Mason Black, 9, 1, 0.5754339591905796, 37, 0, 0.06928690123011094, 21, 2, 1.5664765135370204, 56, 0, 0.26162654187673656, 42, 11, 35.56807463142797, 50, 10, 51, 1.0, 
Mason Englert, 7, 0, 13.793941279495233, 27, 3, 5.121531741901009, 16, 3, 1.2658279641974826, 53, 5, -1.3027500210251368, 56, 0, 0.2726253174205552, 137, 31, 60, 1.0, 
Mason Fluharty, 5, 0, 0.040159174232185235, 20, 3, 1.4766456630275897, 20, 4, 2.7366883985675443, 25, 6, 5.201089878035539, 45, 2, 0.8055504548317973, 107, 26, 42, 1.0, 
Mason Miller, 5, 1, 4.291584948307401, 20, 0, 0.681933139335519, 27, 2, 38.22902367046852, 30, 11, -68.23195731030822, 101, 21, -337.3653797739262, 192, 49, 65, 1.0, 
Mason Montgomery, 7, 1, 0.06669997685501805, 37, 12, 8.543642974864994, 34, 10, 6.056636044873329, 55, 14, 12.04769170755418, 83, 5, 1.6639097114279728, 104, 23, 61, 1.0, 
Matt Brash, 4, 2, 3.174808731729394, 19, 5, 9.064169703539925, 24, 5, 29.50239440566427, 48, 9, -27.42725588633327, 78, 5, 46.83731136619067, 170, 39, 61, 1.0, 
Matt Festa, 5, 2, 11.376659278799657, 26, 5, 4.34327730320318, 16, 1, 1.3905993510507422, 43, 6, -1.6054873278190058, 61, 3, 1.8472369756411755, 126, 30, 58, 1.0, 
Matt Gage, 1, 10, 8.662791354717896, 20, 12, 12.491577056655274, 19, 6, 3.513382553090068, 58, 13, 14.043262514425749, 44, 10, 8.992356577885445, 68, 15, 53, 1.0, 
Matt Strahm, 5, 1, 2.4184013932635686, 19, 2, 42.37034056542456, 17, 3, 46.177372850848975, 40, 4, 55.85332903478906, 75, 0, 51.399521255911104, 259, 63, 63, 1.0, 
Matt Svanson, 3, 4, 1.246059422672925, 15, 10, 5.749404011694068, 21, 2, 0.25023988032610456, 34, 16, 15.010770263773594, 73, 5, 1.8331487961170723, 117, 30, 64, 1.0, 
Matthew Boyd, 18, 0, 1.2262540372638628, 61, 4, 6.8379825851973495, 46, 9, 8.403900541488724, 121, 4, 34.79788368485927, 157, 10, 29.459244781694437, 367, 89, 161, 1.0, 
Matthew Liberatore, 18, 1, 4.723983753225461, 74, 1, 44.94424660239924, 46, 2, 43.22627172667146, 134, 3, 6.804856638829092, 120, 3, 71.49559056547703, 360, 83, 147, 1.0, 
Max Fried, 15, 10, -14.170693156881963, 62, 23, -63.99775778500245, 50, 7, 15.457830694378838, 142, 10, -11.10670971903151, 177, 3, 8.433063980452829, 639, 157, 182, 1.0, 
Max Lazar, 6, 2, 0.7400558875507937, 20, 1, 0.24531496205787517, 11, 0, 0.062482168137534155, 32, 7, 8.95203478341655, 25, 6, 5.403110793651045, 85, 20, 38, 1.0, 
Max Meyer, 24, 10, -14.726405326267852, 71, 0, 9.52887588548993, 42, 18, -42.492115716931835, 112, 0, 5.6338064525048175, 121, 3, 1.3748934849224836, 213, 48, 125, 1.0, 
Max Scherzer, 15, 10, -50.5419292088976, 42, 13, -35.774102295190175, 23, 6, -7.797658420186785, 68, 3, -3.465188099934707, 89, 4, -5.9677503532132015, 430, 106, 89, 1.0, 
McCade Brown, 6, 1, 0.9520783612699866, 22, 1, 0.32872958499052674, 17, 3, 4.23615277949969, 26, 5, 9.555873564881637, 24, 1, 0.8700402458564831, 63, 12, 26, 1.0, 
Merrill Kelly, 19, 4, -1.4504678737538672, 63, 2, 15.259061453427304, 44, 5, 15.921797798056165, 117, 11, -1.4018733869048958, 144, 7, 89.22643368098242, 643, 158, 157, 1.0, 
Michael Kelly, 6, 1, 8.53631521673716, 20, 5, -6.002511686181428, 23, 9, 1.9626343253005984, 43, 3, 22.02195854219113, 43, 2, -1.8109779497535445, 117, 28, 58, 1.0, 
Michael King, 19, 5, 7.0172306166496785, 55, 4, 1.2017864785572652, 53, 10, -13.988008249805503, 111, 9, 90.12776141709051, 173, 6, 13.838767965364166, 416, 100, 156, 1.0, 
Michael Kopech, 5, 3, 7.497468111437904, 16, 5, 28.75706234317316, 21, 5, 32.31227046470622, 22, 1, 4.395302091525322, 47, 5, 24.991907278066336, 227, 52, 39, 1.0, 
Michael Lorenzen, 20, 7, 4.691994836550101, 64, 10, 41.53107916403851, 48, 7, 59.991315307556434, 112, 2, 92.46471127570136, 119, 10, -5.763400613683963, 544, 130, 142, 1.0, 
Michael McGreevy, 17, 1, 0.016457486285633927, 67, 3, 0.18777438425899007, 31, 19, 4.320872751998266, 126, 7, 0.6775218520105089, 86, 26, 8.100464362382766, 200, 47, 136, 1.0, 
Michael Petersen, 0, 0, 0.0, 0, 0, 0.0, 0, 0, 0.0, 0, 0, 0.0, 0, 0, 0.0, 0, 0, 28, 0.6666666666666667, 
Michael Soroka, 14, 5, -4.53277350619933, 48, 13, -74.02921814959828, 37, 1, 11.687248274462105, 66, 10, 14.012407387165268, 96, 8, -23.310847374687526, 270, 62, 93, 1.0, 
Michael Tonkin, 3, 0, 9.357678014638022, 15, 5, -22.786876345618765, 11, 1, 0.258145399757737, 25, 1, 12.359575667366478, 30, 2, -2.6349496401211, 238, 56, 34, 1.0, 
Michael Wacha, 16, 3, 0.4722149755268408, 65, 0, 18.04786224254984, 45, 8, -4.5615207872083126, 135, 10, 38.08628511878044, 134, 12, 2.208996611055049, 617, 149, 164, 1.0, 
Mick Abel, 20, 11, 2.5113607191918383, 72, 22, 9.426419657913726, 44, 1, 0.04866822805308024, 98, 9, 1.8432458230555788, 109, 10, 2.0425828533176436, 87, 19, 108, 1.0, 
Mike Burrows, 16, 4, 0.2621861878476097, 55, 5, 0.4134529088665042, 41, 4, 0.30805050677764534, 101, 5, 0.4628314517066352, 130, 5, 0.3791938919623563, 201, 48, 129, 1.0, 
Mike Clevinger, 4, 1, 2.5460022263924387, 13, 2, 6.006273597947611, 9, 0, 0.032110791885165926, 23, 0, 3.7793865461143743, 24, 3, 7.831458944322774, 103, 24, 30, 1.0, 
Miles Mikolas, 22, 7, -5.480859899786587, 77, 8, -2.3910440584161243, 31, 22, -88.62509070315491, 133, 5, 16.40667362570855, 99, 13, -24.421133601394885, 763, 182, 144, 1.0, 
Mitch Keller, 21, 1, 2.3992613326914656, 79, 15, -16.955050651124267, 51, 3, 5.415573762815484, 150, 16, -29.329844680429133, 157, 14, 28.210504964527686, 758, 176, 175, 1.0, 
Mitch Spence, 4, 1, 1.468348989992272, 14, 1, 2.9867580528259943, 7, 0, 0.7062358491779902, 25, 0, -0.05409119412176522, 20, 2, -14.250015583447016, 410, 94, 26, 1.0, 
Mitchell Parker, 6, 1, -0.644439196344456, 28, 7, -40.43167697120269, 16, 2, 6.034448648773338, 46, 1, 31.15489351214506, 37, 8, -52.216769754922524, 548, 126, 50, 1.0, 
Nate Pearson, 7, 3, 2.346745307158759, 24, 0, 27.431422619193924, 17, 6, 9.658259503777401, 37, 5, 28.674930757337698, 50, 2, 6.639288407320633, 100, 23, 46, 1.0, 
Nathan Eovaldi, 17, 1, 14.44012411161085, 50, 12, 20.53779651434737, 36, 20, -37.17559590925791, 110, 5, 35.224811706766104, 156, 1, 17.694744872233333, 557, 138, 161, 1.0, 
Nick Lodolo, 21, 8, 16.906458981835133, 69, 6, 84.14747464075822, 41, 14, -1.6691476917355175, 122, 5, 99.80900573364016, 162, 15, 74.86143844322942, 435, 102, 151, 1.0, 
Nick Martinez, 16, 0, 4.551273025749493, 60, 7, 52.00644520860028, 36, 14, 51.254289584705845, 116, 6, 3.3126096580956386, 113, 4, 30.562646241952237, 540, 130, 144, 1.0, 
Nick Mears, 7, 0, -0.18640700144303524, 28, 10, -44.5367019901868, 18, 5, -17.426355373404505, 43, 7, 11.755646585313627, 61, 7, 8.239889061190382, 190, 45, 60, 1.0, 
Nick Pivetta, 24, 10, -1.687766000064606, 64, 18, -8.063449404849948, 49, 3, 24.179002514110934, 108, 0, 6.811648172010557, 187, 14, -3.909141542199677, 669, 161, 169, 1.0, 
Nick Raquet, 0, 0, 0.0, 0, 0, 0.0, 0, 0, 0.0, 0, 0, 0.0, 0, 0, 0.0, 0, 0, 30, 0.6666666666666667, 
Nick Sandlin, 6, 3, 21.982870357899092, 14, 0, 52.07880203862181, 17, 0, 31.043786484875177, 21, 5, 12.197247875943596, 41, 6, 54.88196350587016, 110, 26, 37, 1.0, 
Noah Cameron, 18, 3, 0.14955109289507784, 48, 5, 0.31308999335572274, 45, 3, 0.12062660892128374, 94, 14, 2.1882284154949545, 124, 27, 7.890314192167423, 278, 69, 146, 1.0, 
Nolan McLean, 12, 3, 0.13690579123487834, 37, 21, 4.454585104759779, 49, 5, 0.26278533617660127, 94, 10, 1.132685997824158, 177, 1, 0.010438316215176671, 94, 24, 149, 1.0, 
Orion Kerkering, 5, 3, 1.9935848473335085, 21, 4, -10.885875430541343, 23, 7, 55.797069289889365, 50, 4, 14.72244932148483, 69, 5, 17.391067641904854, 209, 49, 63, 1.0, 
Orlando Ribalta, 9, 3, 1.4845904015139695, 31, 4, 2.487605697740168, 26, 7, 7.539532040187964, 37, 10, 15.790898607575286, 40, 4, 3.4256523401815713, 60, 12, 39, 1.0, 
PJ Poulin, 5, 3, 0.8494916120482721, 24, 2, 0.46234256863948886, 30, 0, 0.005574029289625845, 47, 16, 18.181490790725462, 63, 7, 3.443611864120683, 55, 12, 57, 1.0, 
Parker Messick, 12, 1, 0.05443489778777155, 38, 18, 5.248399071771949, 21, 25, 10.486017471286658, 121, 46, 33.63989017642274, 115, 2, 0.09028587082919803, 82, 19, 119, 1.0, 
Patrick Corbin, 14, 1, 1.4856350757893613, 53, 4, 38.09882930056123, 30, 1, 4.497851388131458, 94, 1, 59.90563939625975, 77, 10, -24.063744249141976, 732, 165, 97, 1.0, 
Patrick Sandoval, 7, 6, 6.099476452224607, 40, 4, 27.200375876679438, 34, 6, 4.850439915713235, 73, 5, 11.26374060732011, 77, 1, 9.495697788211235, 273, 61, 78, 1.0, 
Paul Blackburn, 9, 0, 6.747865117847393, 36, 1, 12.796161512390865, 19, 4, -7.986088706978009, 59, 3, 33.283855056759045, 51, 8, -11.619816205131457, 355, 82, 60, 1.0, 
Paul Gervase, 0, 0, 0.0, 0, 0, 0.0, 0, 0, 0.0, 0, 0, 0.0, 0, 0, 0.0, 0, 0, 27, 0.6666666666666667, 
Paul Sewald, 7, 3, 0.8962841485810902, 22, 4, 7.011691569866855, 16, 3, 0.9931154636688246, 37, 4, 69.69816410880514, 63, 5, 64.55015694237603, 109, 27, 55, 1.0, 
Paul Skenes, 13, 9, -5.011627185899988, 44, 29, -50.75766290115175, 45, 22, -28.794811153174805, 122, 5, 1.4303076584284575, 222, 2, 35.18373169270974, 498, 128, 185, 1.0, 
Pedro Avila, 3, 1, 3.6445962594620154, 15, 0, 11.6421585085745, 16, 4, 42.30175599316425, 29, 1, 23.107255254813488, 37, 1, 1.6686565067806498, 123, 28, 36, 1.0, 
Pete Fairbanks, 6, 0, 1.3816194067561456, 20, 0, 0.7534145070144554, 20, 2, 6.1368357277112295, 38, 1, 44.466759601390514, 63, 2, 3.551004152872631, 190, 46, 60, 1.0, 
Phil Maton, 5, 1, 4.660366379744739, 21, 4, -3.543337836911995, 23, 1, 45.74312690942947, 40, 5, -15.589155973128342, 75, 6, -31.891398081204173, 267, 64, 63, 1.0, 
Pierce Johnson, 7, 1, 2.531716257491887, 23, 6, -41.37835283474618, 23, 0, 6.871024764419275, 46, 3, 14.418601141767567, 68, 0, 79.74976319927242, 232, 54, 60, 1.0, 
Porter Hodge, 6, 4, 58.2366287431561, 18, 5, 141.04488611818786, 18, 2, -4.331172129919157, 23, 3, 12.837875221773515, 46, 8, -63.270758986423914, 124, 30, 37, 1.0, 
Prelander Berroa, 0, 0, 0.0, 0, 0, 0.0, 0, 0, 0.0, 0, 0, 0.0, 0, 0, 0.0, 0, 0, 29, 0.6666666666666667, 
Quinn Priester, 20, 2, 4.368469785862116, 71, 2, 29.68825281484335, 48, 4, 32.233540006075216, 129, 1, 58.49909467740033, 111, 5, 46.25579014219328, 343, 79, 146, 1.0, 
Rafael Montero, 4, 0, 14.22205783165354, 15, 0, 38.273358666719616, 16, 2, -35.59836752343511, 21, 3, -35.021574323740936, 27, 4, 51.407826845262406, 246, 58, 30, 1.0, 
Raisel Iglesias, 6, 0, 14.424036357326381, 19, 1, 34.35766692846383, 15, 7, -58.38209061329495, 40, 3, 46.95569574095414, 71, 3, 52.96143364668886, 250, 63, 65, 1.0, 
Randy Vasquez, 16, 0, -0.03253685430007214, 57, 2, 31.63672287407186, 47, 6, 21.348652399692753, 111, 11, -8.990108838367249, 86, 28, -162.62776626734515, 361, 83, 128, 1.0, 
Ranger Suarez, 16, 5, -5.146685315644229, 65, 10, -11.033956534179218, 47, 8, 0.6410448896088781, 144, 12, -7.032819106086087, 159, 6, 14.040211142107813, 619, 146, 166, 1.0, 
Reid Detmers, 17, 1, 21.482850085193878, 72, 4, 147.65814150475782, 56, 5, 33.843017502394396, 115, 2, 46.23037466592955, 165, 8, 115.48105938767333, 460, 106, 136, 1.0, 
Reiver Sanmartin, 2, 1, 0.9086797541305465, 13, 0, 0.46501103884251943, 9, 3, 11.501540685329228, 20, 2, 4.245372431351301, 15, 3, 9.487207388114685, 38, 8, 27, 0.6666666666666667, 
Reynaldo Lopez, 10, 5, 5.982902525723787, 38, 21, 7.479277776646896, 45, 1, 16.281299601420187, 93, 2, 43.3933211357387, 148, 14, 8.385349832940832, 179, 44, 131, 1.0, 
Rhett Lowder, 2, 17, 22.079161182140425, 18, 38, 110.84008299878798, 43, 22, 38.83296414943127, 81, 7, 4.664337106399636, 73, 4, 1.431046910757616, 38, 9, 99, 1.0, 
Richard Fitts, 26, 11, 2.0044712629311654, 65, 6, 0.676150161668823, 43, 15, 3.9986837177423737, 84, 18, 5.4598759595600015, 101, 7, 0.8649948611189462, 97, 22, 115, 1.0, 
Richard Lovelady, 2, 1, 3.1666122302789668, 13, 0, 0.34999244374575283, 8, 0, 0.6217820802244175, 24, 2, 4.483026062461915, 19, 1, 1.0955933481759188, 44, 10, 26, 1.0, 
Rico Garcia, 7, 3, 1.0888665147651189, 18, 2, 0.39746263417170447, 15, 1, 0.1462343289115029, 39, 7, 4.022323199815759, 59, 6, 3.011364701895779, 71, 17, 52, 1.0, 
Riley O'Brien, 3, 6, 2.5394147679365524, 15, 7, 3.1022816841961216, 26, 15, 13.172185870487908, 39, 4, 1.4077914452136646, 58, 1, 0.09456872186534926, 99, 24, 62, 1.0, 
Roansy Contreras, 5, 0, 1.5084984619332262, 17, 1, 71.03235375652069, 14, 1, 7.705607309875316, 26, 0, 40.069789897118575, 27, 1, 2.6040763478389097, 168, 38, 32, 1.0, 
Rob Zastryzny, 0, 0, 0.0, 0, 0, 0.0, 0, 0, 0.0, 0, 0, 0.0, 0, 0, 0.0, 0, 0, 46, 0.6666666666666667, 
Robbie Ray, 24, 10, 19.066472623923556, 74, 17, 144.9006757613409, 74, 13, 82.56870975874978, 105, 3, 18.11225056813538, 199, 3, 1.844172152811796, 481, 116, 170, 1.0, 
Robert Garcia, 6, 1, 8.175690659686335, 24, 4, -10.738858828985606, 20, 2, 159.80737721905305, 49, 0, 44.064923320004986, 69, 3, 26.016618590620748, 200, 48, 62, 1.0, 
Robert Stephenson, 8, 4, 5.212437139353048, 23, 4, 4.159936598702201, 16, 10, 28.41594787822713, 33, 7, 15.613535562188734, 70, 0, 15.237820199171157, 44, 11, 54, 1.0, 
Robert Suarez, 6, 1, 3.6778467327567292, 22, 3, 28.487377225035132, 18, 3, 13.012104283329172, 39, 0, 92.46231733138893, 67, 3, 111.04271700122835, 206, 52, 66, 1.0, 
Roddery Munoz, 14, 10, 30.17068712453686, 35, 10, 31.203893022428645, 25, 5, 7.151676566546943, 39, 3, 4.011526719192578, 43, 0, 0.03104892937311851, 113, 24, 50, 1.0, 
Roki Sasaki, 18, 2, 0.1098662724968189, 57, 15, 4.3843700458624895, 64, 27, 13.466157735395143, 77, 25, 11.359720418144406, 88, 12, 2.5581199731913458, 80, 18, 111, 1.0, 
Ron Marinaccio, 4, 0, 1.455434637709995, 15, 1, 3.201469453831859, 22, 4, 10.514250086393373, 23, 4, 7.646222190828223, 50, 2, 57.85191727855098, 38, 9, 41, 1.0, 
Ryan Bergert, 6, 1, 0.17610411532245718, 24, 3, 0.65759513936072, 27, 6, 2.725539651418586, 40, 1, 0.19194127827707597, 56, 6, 2.6827349099382722, 161, 38, 58, 1.0, 
Ryan Brasier, 4, 2, -5.2077230415389195, 20, 1, 16.786508149724526, 10, 6, -70.1382324857457, 37, 2, 8.189391086303097, 38, 0, 19.61033941418662, 179, 43, 45, 1.0, 
Ryan Feltner, 12, 3, 24.124290206725966, 56, 2, 67.92521380868004, 40, 8, 0.1428697690000007, 96, 4, 19.045641979124184, 85, 11, -9.317584240745148, 364, 83, 102, 1.0, 
Ryan Fernandez, 7, 1, 8.774869252345852, 33, 1, 5.930926468637385, 25, 3, -11.839867627388944, 44, 0, 124.46052407177947, 52, 8, -29.242977485488126, 170, 38, 48, 1.0, 
Ryan Gusto, 8, 2, 0.5703603907051003, 31, 5, 3.0019992135537024, 18, 3, 0.9941189733117657, 48, 0, 3.5830914752057455e-05, 50, 8, 5.550818047288921, 226, 50, 51, 1.0, 
Ryan Helsley, 6, 1, 8.68041999903955, 23, 6, -34.544611337275896, 25, 3, 9.6758134805544, 49, 0, 41.65500744537411, 75, 3, -3.3873011349201896, 225, 55, 62, 1.0, 
Ryan Johnson, 0, 0, 0.0, 0, 0, 0.0, 0, 0, 0.0, 0, 0, 0.0, 0, 0, 0.0, 0, 0, 27, 0.6666666666666667, 
Ryan Pepiot, 23, 10, -16.118902506434925, 63, 17, 9.867339405876834, 58, 11, 87.03971504412148, 103, 0, 53.02410199105979, 171, 0, 68.3158941591059, 384, 93, 166, 1.0, 
Ryan Thompson, 6, 2, -3.8686819041674383, 25, 1, 7.490544946370909, 17, 2, 18.59872527250789, 53, 6, 104.13987342613409, 52, 5, 8.932857289923717, 187, 44, 63, 1.0, 
Ryan Walker, 5, 3, -5.834152647285187, 23, 2, 75.38221312239061, 18, 3, 5.143131474781562, 49, 3, 102.85441368057572, 69, 0, 7.884897461071994, 259, 62, 62, 1.0, 
Ryan Weathers, 18, 8, -11.03504498404753, 55, 3, 0.6650532844682449, 38, 3, 19.316943634653953, 96, 7, -2.6644016197938747, 109, 3, 7.811456652410139, 244, 56, 117, 1.0, 
Ryan Yarbrough, 9, 4, 0.4708066201099044, 28, 3, 31.856597765489308, 18, 2, 24.919566550524387, 47, 8, -49.336476575863486, 49, 2, 83.05020986745801, 348, 82, 63, 1.0, 
Ryan Zeferjahn, 11, 8, 4.1897116067811595, 30, 2, 0.35730676177248455, 34, 12, 9.398796250664091, 39, 11, 8.458880264442314, 75, 2, 0.48244806563922804, 128, 28, 58, 1.0, 
Ryne Nelson, 18, 0, 3.0726336158414873, 68, 2, 14.78751381959201, 42, 10, -7.460805305065193, 126, 14, -23.35081265533342, 126, 17, -7.481995111921407, 579, 138, 156, 1.0, 
Ryne Stanek, 7, 0, 8.185930480767858, 29, 1, 39.36067735452358, 28, 7, 110.07786487631606, 45, 5, -28.378687374923352, 63, 4, -11.699033489223453, 233, 53, 57, 1.0, 
Sam Bachman, 0, 0, 0.0, 0, 0, 0.0, 0, 0, 0.0, 0, 0, 0.0, 0, 0, 0.0, 0, 0, 40, 0.6666666666666667, 
Sam Hentges, 2, 5, 11.079686682790456, 15, 7, 27.048849529225105, 14, 2, 3.5744478452242365, 35, 0, 3.6899870538705635, 46, 0, 0.9877946763354796, 46, 11, 42, 1.0, 
Sam Moll, 3, 3, 6.218583154365632, 16, 0, 46.92244845111989, 18, 2, 22.693816826559324, 29, 2, 5.338475330211104, 46, 4, 2.8735831849262397, 101, 23, 45, 1.0, 
Sandy Alcantara, 22, 11, -0.14975640416804126, 95, 2, 9.063065521438393, 57, 27, -18.580923405399616, 144, 6, 7.764612688769407, 148, 4, 11.292744412533997, 558, 136, 178, 1.0, 
Scott Alexander, 2, 2, 6.25703113815813, 11, 3, 19.011541383517653, 10, 1, 28.746245069857075, 25, 0, 37.113676346733364, 23, 0, 23.707951654091794, 79, 18, 30, 1.0, 
Scott Barlow, 6, 1, 2.3849581950302303, 25, 0, 10.774004865377826, 31, 7, -65.79535401478518, 37, 4, 0.7183286261648405, 64, 0, 92.22719328693111, 283, 66, 56, 1.0, 
Scott McGough, 4, 0, 9.172868936597787, 19, 0, 2.678262924329622, 14, 1, 16.877116857104927, 21, 7, 51.28758893771456, 24, 5, 34.48886451327952, 96, 21, 25, 1.0, 
Sean Burke, 22, 10, 1.1298834529991684, 65, 5, 0.34046577248428367, 67, 13, 2.0458585932359554, 109, 27, 8.239554733849516, 140, 8, 0.8306013425302687, 298, 67, 140, 1.0, 
Sean Manaea, 20, 9, -5.653765421296548, 66, 15, -66.9858808833833, 37, 14, 134.07452432039753, 98, 13, 25.360641883438518, 143, 24, -113.21857460166038, 542, 129, 128, 1.0, 
Sean Newcomb, 6, 3, 18.257696002991317, 27, 7, 40.84388130626105, 25, 4, 3.7639983855662607, 64, 11, 75.75673967585115, 67, 1, 3.5943200959638086, 149, 34, 68, 1.0, 
Seranthony Dominguez, 7, 1, 47.301853811855715, 25, 1, 234.95104194472626, 28, 8, -77.16436918310313, 42, 6, 21.99239206246685, 73, 2, -7.578267307799283, 236, 55, 61, 1.0, 
Seth Halvorsen, 8, 0, 0.0030571749302476595, 27, 2, 0.48397634829801994, 25, 6, 4.09519411982631, 42, 3, 1.3281230469887273, 44, 5, 2.5229128149298212, 86, 19, 49, 1.0, 
Seth Lugo, 21, 6, 17.182624738121284, 65, 2, 47.940629960378764, 49, 1, 48.37261065213922, 121, 7, -6.124940729066328, 141, 5, 101.01651695017301, 580, 140, 159, 1.0, 
Shane Baz, 21, 3, 0.24713596757007394, 71, 0, 4.824536140840862, 55, 0, 12.812450097523682, 113, 22, 9.597391567530678, 152, 5, 13.449008499651615, 332, 78, 151, 1.0, 
Shane Bieber, 18, 10, 8.7616807417958, 43, 10, 16.88453210915818, 24, 18, -20.336443135013482, 79, 8, 2.853870203519577, 104, 0, 14.433289224447641, 346, 85, 114, 1.0, 
Shane McClanahan, 15, 3, 0.44065979637103087, 44, 8, 2.805458203309054, 39, 1, 11.069496547822093, 86, 20, 17.984467782059923, 138, 7, 6.943862240055068, 111, 28, 127, 1.0, 
Shane Smith, 18, 1, 0.028484101797475625, 67, 4, 0.18584240541943142, 66, 32, 9.341242358523672, 107, 1, 0.029023703998642902, 157, 9, 0.8034024195184415, 308, 73, 157, 1.0, 
Shawn Armstrong, 5, 4, -20.615820721423553, 24, 5, -6.452441783867329, 20, 3, -4.363269454556782, 48, 1, 135.07396662403934, 67, 1, 37.1230568088079, 263, 63, 67, 1.0, 
Shohei Ohtani, 9, 3, 8.093368006652, 37, 0, 8.76665764246819, 30, 16, -3.427641254419541, 83, 13, 19.638445351021133, 152, 12, 96.58596568558872, 321, 80, 117, 1.0, 
Shota Imanaga, 27, 18, -21.33466223638925, 56, 16, -5.069728188758987, 30, 28, -68.23219286356775, 96, 10, 17.936338229059462, 137, 15, 65.48267097714084, 504, 126, 153, 1.0, 
Simeon Woods Richardson, 17, 4, -0.9806934249595045, 59, 4, 2.8911286282665802, 53, 10, 63.937511056265656, 97, 4, -0.8698160729651878, 124, 16, -28.60696287668172, 416, 97, 131, 1.0, 
Slade Cecconi, 26, 10, -14.376925431267747, 83, 10, 6.003652351799232, 37, 25, -74.48208975757407, 130, 12, 2.9004265366656696, 121, 17, -30.48203411913353, 308, 73, 151, 1.0, 
Sonny Gray, 20, 2, 12.162684698626496, 72, 12, 35.650291689605005, 42, 16, -30.102737745795338, 138, 12, -1.7447151432764585, 189, 19, -21.343909168541387, 666, 162, 171, 1.0, 
Spencer Arrighetti, 13, 0, 2.9330841217654604, 48, 0, -0.11313688566423713, 44, 8, 33.065810005579436, 64, 9, 41.321040290875445, 86, 3, 61.745972520519274, 315, 72, 87, 1.0, 
Spencer Bivens, 8, 0, 37.64904247318195, 29, 5, -13.213340069553801, 19, 2, 14.109884834605246, 61, 0, 1.3524827993057138, 52, 1, -0.7844340975459119, 218, 51, 69, 1.0, 
Spencer Schwellenbach, 8, 0, -0.023950437451943835, 27, 1, 11.507769359452517, 15, 14, -70.38342198183923, 54, 4, 54.158964235344094, 76, 4, -5.107715060298274, 373, 93, 76, 1.0, 
Spencer Strider, 21, 4, 1.9315151517334757, 73, 3, 48.72595162205257, 61, 5, 20.789371423381, 124, 14, 87.85460131817311, 185, 3, 20.345506086381377, 427, 103, 157, 1.0, 
Spencer Turnbull, 4, 0, 0.19097855013402842, 16, 0, 9.676356897841888, 14, 4, 8.062567190644483, 26, 1, 3.0036907150082, 35, 5, 15.56657652398303, 78, 18, 36, 1.0, 
Stephen Kolek, 6, 5, -7.648054162414468, 33, 5, 33.83524462497152, 20, 7, -2.2179697851834277, 66, 5, 3.623824564987771, 52, 0, 95.40772639589281, 268, 63, 71, 1.0, 
Steven Cruz, 4, 0, 0.012895534236158995, 18, 1, 0.40966584284290164, 16, 5, 3.871005768499465, 31, 5, 3.932058618609986, 36, 5, 3.4170549459110546, 94, 22, 44, 1.0, 
Steven Matz, 15, 0, 4.01106853437784, 54, 0, 27.103850841787406, 30, 15, 44.84596975097472, 110, 8, 17.71714992965463, 100, 1, 7.198212105560279, 288, 68, 124, 1.0, 
Steven Okert, 7, 0, 5.753881176407859, 26, 0, 4.2357359296524395, 22, 1, 14.345162208677941, 42, 4, 58.93865856272023, 70, 0, 70.86367791412258, 226, 53, 62, 1.0, 
Steven Wilson, 6, 2, 5.204404604196121, 20, 3, 102.26700917642488, 22, 8, -72.03875274114574, 31, 3, -15.686979936878366, 44, 2, 8.593919508448856, 209, 48, 45, 1.0, 
Taijuan Walker, 21, 7, 20.849112598044364, 64, 4, 42.64949025308815, 43, 5, 2.58874059247643, 106, 10, -22.515103536354914, 84, 4, 6.19431064384932, 575, 133, 115, 1.0, 
Taj Bradley, 20, 1, 42.08681570517443, 69, 8, 56.82740542347261, 50, 6, 16.05660345348934, 101, 0, 14.920536952114396, 134, 2, 40.8195879090166, 509, 119, 132, 1.0, 
Tanner Banks, 7, 0, 8.858285483580833, 23, 4, -13.120422141421464, 16, 4, 48.00802811139489, 46, 7, -61.159512850625745, 59, 1, 50.80982355813059, 262, 63, 62, 1.0, 
Tanner Bibee, 22, 5, 0.733733743438215, 74, 4, 30.974307097023395, 51, 3, 4.71403338597852, 137, 11, -10.584751773622887, 171, 4, 81.89413385797342, 637, 154, 177, 1.0, 
Tanner Gordon, 12, 5, -6.444479816035049, 44, 6, 130.17011833616004, 13, 14, -138.72103843237534, 63, 3, 78.37211844412836, 43, 7, -28.158746746242457, 198, 43, 56, 1.0, 
Tanner Scott, 7, 1, 56.12633827192144, 24, 0, 151.23494127752198, 24, 7, 35.265858356122635, 44, 5, -23.7707804426107, 72, 5, 11.326005285486502, 282, 67, 63, 1.0, 
Tarik Skubal, 16, 5, -1.2554515122976504, 54, 17, -28.25721546834646, 39, 37, -158.83653822540447, 127, 7, -1.963464475582418, 232, 9, -0.6266458396848371, 572, 146, 193, 1.0, 
Tayler Saucedo, 2, 1, 3.681221360086729, 11, 0, 0.2967134589676712, 12, 7, 35.33597713892942, 24, 0, 0.7064149189534952, 28, 0, 7.9893905768591305, 80, 18, 29, 1.0, 
Taylor Clarke, 7, 2, -0.9025822342151919, 22, 5, -5.917700594199701, 12, 8, -2.9147189283290516, 35, 1, 19.803027515471673, 47, 8, 29.470854641082923, 157, 38, 53, 1.0, 
Taylor Rogers, 7, 1, -0.5912452218886948, 21, 4, -25.57168488848685, 25, 2, 51.65504910710835, 44, 6, 37.06112670315845, 64, 3, 40.890490852414004, 240, 56, 58, 1.0, 
Tim Herrin, 5, 2, 5.0402051127121545, 23, 2, 79.97775458749362, 28, 10, -101.80456150261293, 37, 2, 18.687054881501112, 55, 5, -20.31799050740316, 177, 41, 52, 1.0, 
Tim Hill, 6, 3, 15.653921022118006, 26, 8, -60.37887335287887, 17, 4, -18.8383605956677, 59, 4, 71.90407191677349, 37, 21, -451.6071274923522, 240, 56, 64, 1.0, 
Tim Mayza, 3, 1, 8.203483748674614, 14, 3, 59.14905330449812, 8, 1, 1.0359796617154817, 27, 2, 21.16143711362286, 21, 1, 6.334698085170879, 100, 23, 27, 1.0, 
Tobias Myers, 7, 1, 4.947942191279818, 26, 9, -42.42345542343621, 19, 1, 1.1966346741046836, 59, 0, 4.428223496255413, 54, 1, 15.222438602941779, 315, 75, 66, 1.0, 
Tommy Kahnle, 6, 1, 12.60650040949562, 20, 6, -51.74038178643117, 23, 7, -41.18750969136414, 33, 9, -105.01996645827936, 49, 4, -17.64650979554895, 189, 45, 51, 1.0, 
Tommy Nance, 1, 8, 5.763543796981381, 16, 13, 13.18192923991404, 15, 5, 3.860680357082302, 45, 0, 18.511195058968212, 59, 3, 0.4421160966678901, 91, 21, 56, 1.0, 
Tomoyuki Sugano, 23, 13, 3.065139907810405, 61, 0, 0.00397235595181937, 28, 13, 2.721020264406498, 107, 12, 2.409515760441735, 81, 10, 1.888141529986779, 337, 78, 118, 1.0, 
Tony Santillan, 7, 0, 8.748927697130439, 20, 0, 13.105453919277911, 24, 1, 117.23760259490612, 41, 3, -4.912653661431275, 82, 8, -31.01433160898908, 169, 41, 68, 1.0, 
Trent Thornton, 3, 0, 1.0985417106388145, 11, 0, 43.88034863271704, 7, 0, 33.54324060679412, 20, 3, -27.077265518287945, 21, 1, -16.16551535301796, 197, 47, 25, 1.0, 
Trevor McDonald, 0, 0, 0.0, 0, 0, 0.0, 0, 0, 0.0, 0, 0, 0.0, 0, 0, 0.0, 0, 0, 69, 0.6666666666666667, 
Trevor Megill, 4, 3, -8.330921978727599, 20, 4, -12.761690603420003, 21, 0, 41.228200128368655, 45, 2, 50.027192724140406, 76, 3, 122.0199377435592, 179, 43, 62, 1.0, 
Trevor Rogers, 13, 8, -4.479446638570256, 52, 9, 41.90625245693659, 48, 7, 65.29996971297504, 110, 2, 7.9982193771212415, 129, 1, 12.007484292272439, 423, 98, 145, 1.0, 
Trevor Williams, 3, 1, 11.191904031211326, 15, 2, -25.41876559464687, 8, 3, -26.498717328516335, 28, 2, 19.558647995391667, 23, 1, 42.84916321055541, 416, 95, 29, 1.0, 
Troy Taylor, 0, 0, 0.0, 0, 0, 0.0, 0, 0, 0.0, 0, 0, 0.0, 0, 0, 0.0, 0, 0, 32, 0.6666666666666667, 
Ty Adcock, 0, 0, 0.0, 0, 0, 0.0, 0, 0, 0.0, 0, 0, 0.0, 0, 0, 0.0, 0, 0, 26, 0.6666666666666667, 
Tyler Alexander, 9, 1, 37.19406565472808, 36, 5, -23.205242130338185, 17, 5, 26.250635287221016, 62, 2, 85.51834976674701, 56, 7, -9.850223397641088, 371, 87, 68, 1.0, 
Tyler Anderson, 15, 1, 6.279802140305042, 46, 5, 24.194200838471247, 38, 1, 49.68969827880305, 75, 2, 13.60886777139098, 75, 4, 26.297882850237542, 675, 158, 95, 1.0, 
Tyler Ferguson, 3, 3, -5.743536414819037, 22, 5, -28.08117345900346, 25, 6, -13.084235091314198, 31, 3, 21.939236615775606, 51, 4, 20.446024135731747, 181, 43, 48, 1.0, 
Tyler Gilbert, 4, 0, 15.74126770588794, 15, 0, 32.2029816017702, 16, 3, 0.5272592804043121, 24, 0, 1.947839855723611, 32, 4, 5.134528454862256, 102, 24, 35, 1.0, 
Tyler Glasnow, 14, 2, -0.9659356978709037, 46, 9, -14.693985334937555, 47, 14, 74.1035032480861, 74, 23, -82.14216167891365, 158, 6, 33.23042253211399, 425, 106, 129, 1.0, 
Tyler Holton, 9, 2, 26.388329574310497, 23, 2, 16.397824668280574, 15, 10, -77.2179245143922, 43, 10, -59.03958222501123, 58, 2, 88.76178357206962, 306, 79, 70, 1.0, 
Tyler Kinley, 7, 1, 13.564226942098207, 32, 4, 29.439903233427593, 30, 0, 84.57634485868148, 44, 7, 21.092649282330285, 65, 0, 15.232606647476892, 237, 54, 62, 1.0, 
Tyler Mahle, 12, 4, 31.4072066074491, 39, 17, 49.8591645279825, 40, 0, 27.075260429516874, 95, 5, 1.4673712746589498, 111, 0, 14.373023741584092, 221, 54, 129, 1.0, 
Tyler Phillips, 10, 2, 14.939339453335403, 33, 3, 32.38212825079991, 19, 7, 61.34079187343764, 57, 6, -7.475251080073157, 48, 3, 44.89119258975449, 189, 45, 67, 1.0, 
Tyler Rogers, 5, 4, -13.46850608473408, 21, 13, -128.13267028519928, 11, 19, -275.5499360525107, 57, 4, -4.713915625683828, 48, 7, -3.304048892267744, 304, 74, 69, 1.0, 
Tyler Wells, 12, 7, 11.323667256595428, 28, 9, 13.4756268949784, 19, 1, 1.076355525966497, 40, 8, 12.682777871665149, 61, 1, 2.488553350886794, 89, 22, 68, 1.0, 
Victor Vodnik, 6, 5, -12.495452453104932, 26, 10, -53.96022341275953, 32, 1, 12.622854057593887, 51, 10, -49.84699956091933, 59, 1, 19.868101276400264, 214, 49, 63, 1.0, 
Wade Miley, 3, 0, 1.5158536852906077, 11, 2, 2.65853509744961, 10, 1, 3.352206362414913, 23, 2, 8.0856974969034, 23, 3, 12.107962601572293, 64, 15, 32, 1.0, 
Walker Buehler, 9, 0, 2.9727620918212816, 28, 1, 6.583500626282682, 21, 0, 29.15634527289349, 44, 6, -16.08707122911072, 39, 5, 0.6449487883847098, 343, 77, 50, 1.0, 
Wandy Peralta, 6, 1, 18.820440094756947, 22, 3, 36.19991789862229, 22, 6, -23.443086195345217, 44, 1, 53.98946784338665, 47, 9, -71.07921839868112, 231, 54, 58, 1.0, 
Wikelman Gonzalez, 0, 0, 0.0, 0, 0, 0.0, 0, 0, 0.0, 0, 0, 0.0, 0, 0, 0.0, 0, 0, 46, 0.6666666666666667, 
Will Klein, 0, 0, 0.0, 0, 0, 0.0, 0, 0, 0.0, 0, 0, 0.0, 0, 0, 0.0, 0, 0, 48, 0.6666666666666667, 
Will Vest, 4, 5, -27.305563466002937, 23, 6, -16.859697082608932, 19, 0, 14.67807054362631, 55, 3, -2.674125429251081, 69, 3, 89.81030465414572, 261, 62, 67, 1.0, 
Will Warren, 20, 2, 1.2450655277884488, 91, 14, 291.76053890002936, 53, 9, 29.274802979044296, 124, 1, 192.21020682277867, 139, 23, 225.79686799942192, 328, 73, 124, 1.0, 
Yaramil Hiraldo, 0, 0, 0.0, 0, 0, 0.0, 0, 0, 0.0, 0, 0, 0.0, 0, 0, 0.0, 0, 0, 36, 0.6666666666666667, 
Yariel Rodriguez, 4, 0, 0.11403476239318422, 15, 2, -7.210369919196907, 17, 4, 102.51695496453726, 25, 0, 11.294768634525294, 37, 2, -10.13193686025641, 266, 63, 39, 1.0, 
Yennier Cano, 6, 1, -0.3402451440329468, 26, 3, 37.078085952485836, 21, 2, 50.615532605689125, 50, 1, -0.7255186929795516, 56, 5, 116.33977422769601, 242, 58, 57, 1.0, 
Yimi Garcia, 7, 2, 5.026083529345345, 20, 4, 1.9829557373988038, 15, 1, 5.53411217363829, 32, 8, 159.87927072238517, 63, 7, 38.28347801336168, 113, 27, 53, 1.0, 
Yoendrys Gomez, 10, 0, 0.0703721731331034, 32, 1, 0.09221769812386049, 24, 0, 0.06050212747601247, 43, 3, 0.9672034272473855, 50, 7, 3.623090550974112, 138, 31, 55, 1.0, 
Yohan Ramirez, 5, 1, 3.064712365051692, 30, 5, 18.71422647366836, 23, 0, 11.210246498022677, 47, 4, -0.6055077830624782, 60, 1, 58.92945939838594, 176, 38, 52, 1.0, 
Yoshinobu Yamamoto, 13, 4, -1.8592750781554122, 48, 6, 4.2678805793662296, 49, 1, 21.097606256536647, 105, 4, 106.66572632060132, 188, 7, -3.8522235768075923, 420, 105, 160, 1.0, 
Yuki Matsui, 7, 1, -0.4645937901747317, 22, 0, 1.0983052966156992, 25, 3, 9.15504530474999, 33, 1, 9.230212176370538, 51, 0, 45.991298049152014, 211, 50, 50, 1.0, 
Yusei Kikuchi, 23, 9, -8.553151347996053, 73, 16, -19.085529524669326, 58, 11, 57.475382916471986, 137, 17, -7.9708776330595725, 178, 0, 21.738132980991544, 665, 155, 166, 1.0, 
Zac Gallen, 23, 5, -3.8345393246851893, 83, 9, -4.997294277605842, 60, 11, 47.649820512289025, 138, 9, -3.324050035649929, 173, 18, -47.24950895052937, 748, 183, 179, 1.0, 
Zach Agnos, 9, 1, 0.2050256800883452, 40, 12, 10.802410715928161, 29, 8, 5.140609564427663, 47, 1, 0.2049239797652005, 37, 20, 27.84999854565268, 69, 15, 56, 1.0, 
Zach Eflin, 24, 13, -3.17411557881411, 73, 16, 3.3577381380818565, 27, 29, -187.37200284901198, 128, 8, 6.679510542205961, 112, 0, 36.58962029583749, 502, 122, 141, 1.0, 
Zach Maxwell, 0, 0, 0.0, 0, 0, 0.0, 0, 0, 0.0, 0, 0, 0.0, 0, 0, 0.0, 0, 0, 37, 0.6666666666666667, 
Zach Pop, 4, 0, 5.364671489702077, 16, 0, 39.21977883742349, 10, 3, 24.70494885487103, 22, 2, 11.059183649774651, 20, 6, 35.10770998969218, 67, 16, 28, 1.0, 
Zack Kelly, 6, 0, 23.751733207831297, 27, 2, 1.213778354599814, 22, 4, -14.680280865862862, 45, 4, -12.981172690786998, 57, 1, 30.65154585323654, 157, 36, 55, 1.0, 
Zack Littell, 22, 11, -19.6952113286795, 61, 2, 11.608224015076157, 29, 26, -133.50967169366, 117, 0, 50.5981860709107, 113, 6, 52.008012858627716, 496, 119, 143, 1.0, 
Zack Wheeler, 15, 2, 1.8734560654713577, 44, 5, -4.661710973398419, 34, 16, -58.62283254211695, 89, 13, -27.778729649354972, 167, 8, 96.05135051192651, 691, 173, 139, 1.0, 
Zak Kent, 0, 0, 0.0, 0, 0, 0.0, 0, 0, 0.0, 0, 0, 0.0, 0, 0, 0.0, 0, 0, 25, 0.6666666666666667, 
Zebby Matthews, 22, 12, 24.061587648923776, 75, 20, -19.684032802783037, 37, 17, -45.752592012709584, 121, 16, -36.30326043614532, 130, 11, -14.995018838744826, 212, 46, 117, 1.0, 
