A.J. Minter, 6, 2, 9.516919468037987, 15, 0, 23.451459792959657, 15, 0, 10.721658652606427, 30, 1, 33.34086367080872, 55, 6, 7.891681236567749, 110, 28, 49, 1.0, 
A.J. Puk, 3, 0, 8.786529116891048, 12, 0, 7.941206033189158, 11, 0, 122.29396150539012, 23, 0, 2.1981789262361957, 42, 2, 8.836240745274953, 136, 32, 34, 1.0, 
Aaron Ashby, 4, 3, -5.005660069772709, 19, 4, 0.8909809491429499, 23, 4, -5.428441112702394, 47, 4, 22.63253669327478, 76, 4, -1.7445303261287535, 250, 58, 65, 1.0, 
Aaron Bummer, 4, 6, -43.39345602676636, 27, 2, 253.13504449333416, 21, 0, 54.11878068186363, 56, 7, -74.13805052843935, 66, 4, 99.47389675420385, 215, 48, 60, 1.0, 
Aaron Civale, 19, 1, 19.924112525468004, 62, 0, 55.38591870108937, 39, 11, 12.126893317608733, 98, 3, -2.90607648365106, 112, 2, 12.7928366946447, 508, 120, 123, 1.0, 
Aaron Nola, 27, 11, -18.60383237982345, 90, 17, -8.913162137734687, 47, 21, -61.52080054753618, 141, 14, -4.6428792965676, 175, 2, 12.857463011054216, 706, 172, 170, 1.0, 
Abner Uribe, 3, 5, -1.5018236543608943, 15, 13, -17.53061996647105, 28, 9, 34.62385916493341, 42, 4, 0.04704366285810124, 85, 2, 25.486730826550286, 133, 33, 70, 1.0, 
Adam Mazur, 4, 0, -0.006073726811398755, 21, 2, 6.720247148263816, 15, 7, -56.01933544642014, 32, 1, 10.355348807418121, 21, 4, -25.01545196067576, 118, 25, 33, 1.0, 
Adbert Alzolay, 3, 2, 1.4310706837875193, 13, 7, 15.156805995394642, 9, 6, 10.923420203544772, 32, 5, 7.248796418903167, 44, 4, 4.969040453750024, 32, 8, 43, 1.0, 
Adrian Houser, 14, 8, -14.885228072406484, 69, 8, -7.5892621203897015, 51, 6, 21.133232788890897, 132, 4, 153.27318119306076, 104, 3, 39.1149728719277, 440, 101, 144, 1.0, 
Adrian Morejon, 4, 6, -20.449639514370368, 19, 6, -9.350957168239646, 18, 2, 17.091160748908067, 49, 7, -18.382089164702762, 66, 5, 21.82863408737191, 202, 49, 67, 1.0, 
Alan Rangel, 0, 0, 0.0, 0, 0, 0.0, 0, 0, 0.0, 0, 0, 0.0, 0, 0, 0.0, 0, 0, 27, 0.6666666666666667, 
Alek Jacob, 5, 2, 1.2207146055634475, 19, 3, 1.8506944727067776, 13, 6, 7.157340283069203, 31, 2, 1.5022460076890134, 24, 2, 0.8724420066614975, 76, 16, 34, 1.0, 
Alek Manoah, 16, 7, 19.704698306198758, 42, 10, 21.780469264166758, 38, 11, 58.412809645542254, 60, 4, 41.85699746849922, 95, 12, 23.55069472194014, 217, 51, 96, 1.0, 
Alex Cobb, 4, 1, 1.9481540449873256, 16, 2, 8.600668494308522, 10, 2, 3.95543657981267, 35, 2, 16.660050690591767, 34, 5, 19.650608881999553, 127, 30, 37, 1.0, 
Alex Lange, 4, 2, 1.9580228339479073, 19, 4, 10.376226966202042, 28, 7, 25.81290316676108, 29, 8, 20.623832483351926, 57, 7, 33.67919770761542, 55, 12, 47, 1.0, 
Alex Vesia, 7, 3, -0.9113517954872883, 19, 1, 46.115308994529215, 25, 2, 55.08933286652417, 32, 4, 84.24767954242373, 84, 6, -31.541705571445434, 236, 57, 62, 1.0, 
Alexis Diaz, 5, 1, 0.42863588690226173, 21, 0, 10.47415962577809, 30, 4, 12.428743294384825, 33, 2, 30.714635116868617, 63, 7, 14.590295500907516, 130, 31, 56, 1.0, 
Andre Granillo, 0, 0, 0.0, 0, 0, 0.0, 0, 0, 0.0, 0, 0, 0.0, 0, 0, 0.0, 0, 0, 37, 0.6666666666666667, 
Andre Pallante, 14, 5, -0.06462623676615209, 70, 8, 29.582742357502404, 52, 18, -74.64797661756366, 127, 3, 21.104302256963617, 99, 8, 5.146165146968755, 495, 114, 139, 1.0, 
Andres Munoz, 4, 3, 2.0238887170027233, 15, 8, -61.48058000901479, 27, 0, 38.33812962472829, 34, 2, 34.62400806729214, 85, 6, -3.763646294497775, 236, 58, 63, 1.0, 
Andrew Abbott, 22, 6, 3.5279032366011354, 61, 9, 23.22785594961896, 52, 3, 38.90315113294402, 127, 9, -10.486624401909506, 149, 1, 82.782262129795, 535, 128, 165, 1.0, 
Andrew Chafin, 4, 3, -11.124389287659675, 17, 8, -73.23740006071648, 25, 3, -24.028907467146723, 37, 6, -46.83295156117333, 55, 0, 41.1269519579868, 214, 49, 47, 1.0, 
Andrew Hoffmann, 0, 0, 0.0, 0, 0, 0.0, 0, 0, 0.0, 0, 0, 0.0, 0, 0, 0.0, 0, 0, 34, 0.6666666666666667, 
Andrew Kittredge, 8, 3, -4.446273597326044, 22, 3, -0.45552177569996033, 16, 6, -2.106813095474479, 43, 2, 49.18810169256251, 72, 1, -0.19281528731614261, 198, 49, 65, 1.0, 
Andrew Nardi, 6, 1, 0.5954220328735116, 25, 3, 11.963439102566085, 19, 4, 35.44825724518721, 38, 1, 0.9502378496514245, 71, 8, 12.527175224684221, 96, 22, 52, 1.0, 
Andrew Walters, 0, 0, 0.0, 0, 0, 0.0, 0, 0, 0.0, 0, 0, 0.0, 0, 0, 0.0, 0, 0, 30, 0.6666666666666667, 
Angel Chivilli, 6, 2, -9.824581164217637, 20, 0, 46.65365054972373, 11, 1, 34.479761886087374, 29, 1, 0.34050050295872225, 24, 1, -4.616944864693025, 163, 35, 30, 1.0, 
Angel Zerpa, 7, 0, 3.2927190843990504, 28, 0, 77.52499460087593, 19, 0, 38.93780379975222, 56, 6, -4.158372894746648, 54, 6, 32.87130386066708, 215, 49, 60, 1.0, 
Anthony Banda, 7, 0, 0.9509159910098807, 23, 7, -40.1069693678638, 27, 0, 22.186136782628267, 43, 3, 185.29918129367897, 58, 2, 76.8700735089044, 177, 40, 59, 1.0, 
Anthony Bender, 4, 5, -16.436523515989336, 20, 7, -27.375402694714438, 22, 4, 64.70619259652632, 42, 3, 2.3714109776956, 57, 4, 47.12945908418763, 172, 41, 60, 1.0, 
Anthony Kay, 0, 0, 0.0, 0, 0, 0.0, 0, 0, 0.0, 0, 0, 0.0, 0, 0, 0.0, 0, 0, 125, 0.6666666666666667, 
Antonio Senzatela, 12, 1, 3.773875616190118, 53, 1, 22.701171135561474, 26, 4, 8.953643227298116, 94, 24, -14.738551357227266, 44, 16, -6.679955603915033, 293, 63, 74, 1.0, 
Aroldis Chapman, 4, 2, -3.832122377676921, 16, 2, 210.2856764888557, 27, 1, 468.4985586070144, 31, 3, 117.3446559183281, 89, 8, 150.96356454193855, 225, 54, 60, 1.0, 
Austin Gomber, 5, 3, -49.96630738259941, 18, 3, -43.33447694138721, 7, 2, -33.391606021880335, 27, 0, 35.426327785012106, 17, 3, -39.68315050076953, 525, 121, 26, 1.0, 
Austin Warren, 0, 0, 0.0, 0, 0, 0.0, 0, 0, 0.0, 0, 0, 0.0, 0, 0, 0.0, 0, 0, 40, 0.6666666666666667, 
Bailey Falter, 10, 3, 3.3202670790688096, 33, 5, 3.136408816886913, 22, 1, 25.173429049974917, 56, 3, 15.464597834319573, 48, 7, -39.164520719265624, 450, 107, 68, 1.0, 
Bailey Horn, 0, 0, 0.0, 0, 0, 0.0, 0, 0, 0.0, 0, 0, 0.0, 0, 0, 0.0, 0, 0, 38, 0.6666666666666667, 
Bailey Ober, 25, 11, -15.184105079195461, 75, 14, 5.591842004850136, 37, 19, -64.22802065759464, 123, 11, 2.826500514782879, 143, 18, -31.55305614970814, 534, 131, 157, 1.0, 
Beau Brieske, 7, 0, 21.359598611669334, 25, 4, 44.425720408191054, 21, 2, 73.21372148167981, 37, 3, -16.437216778516728, 38, 5, -36.43599077698542, 219, 51, 45, 1.0, 
Ben Brown, 7, 1, 2.959746920925613, 29, 7, -38.62728734861817, 17, 3, 29.79134263073209, 46, 0, 2.3280378050563217, 61, 2, 20.215498301848644, 277, 64, 54, 1.0, 
Ben Casparius, 6, 0, 0.03916095732742886, 28, 9, 5.971907062058847, 15, 2, 0.33824945299966513, 50, 8, 4.503087115012789, 53, 5, 1.989095120630818, 166, 38, 57, 1.0, 
Ben Joyce, 2, 5, 11.577199116003507, 11, 4, 9.060098170489658, 17, 7, 21.26095444768249, 31, 9, 31.540488176505484, 43, 0, 0.30692846331535834, 42, 10, 44, 1.0, 
Bennett Sousa, 4, 1, 0.20391193933575202, 16, 0, 0.012222979248810523, 15, 0, 0.0668069747715665, 33, 1, 0.11653645860970774, 59, 1, 0.14036025867300195, 99, 25, 50, 1.0, 
Blake Snell, 8, 7, -11.545588557496256, 40, 5, 31.503065635143717, 57, 13, 9.526112968104059, 90, 12, -5.2135381364007, 170, 6, 9.030822386653252, 487, 118, 133, 1.0, 
Blake Treinen, 7, 2, -1.2149948377730846, 25, 2, 105.56011506789243, 29, 10, 160.6133100491283, 46, 9, 125.69568044219682, 73, 3, -5.827239365424067, 125, 28, 56, 1.0, 
Brad Keller, 7, 1, 61.04636198307501, 27, 1, 76.44811251207503, 26, 10, 246.31282275510375, 50, 0, 4.292049075378364, 60, 5, 79.62136431133366, 324, 73, 66, 1.0, 
Brad Lord, 17, 2, 0.11018601298745612, 62, 18, 4.237510676288494, 43, 4, 0.2021358500610666, 110, 12, 1.9506159942814882, 108, 14, 2.5538456356820127, 273, 65, 133, 1.0, 
Bradgley Rodriguez, 0, 0, 0.0, 0, 0, 0.0, 0, 0, 0.0, 0, 0, 0.0, 0, 0, 0.0, 0, 0, 41, 0.6666666666666667, 
Brady Singer, 19, 0, 0.32597507811262316, 75, 7, 6.77802783050981, 53, 6, 9.73249029751203, 139, 0, 20.35542711075699, 158, 1, 20.92389077578826, 700, 165, 167, 1.0, 
Brandon Eisert, 9, 3, 0.7680788120878539, 28, 5, 2.0107964547461634, 20, 3, 0.7626966219761027, 51, 4, 1.1407147969924516, 59, 0, 0.014366517359662073, 153, 34, 55, 1.0, 
Brandon Pfaadt, 24, 6, 1.8857415492484861, 91, 21, -56.4935708319926, 40, 22, -60.144261596934726, 153, 5, 12.159837669357184, 149, 13, 20.64336465690439, 603, 140, 164, 1.0, 
Brandon Williamson, 7, 2, 1.763086101482528, 24, 7, 13.116445732762838, 16, 1, 0.6525505651149197, 40, 1, 0.4963679504314302, 41, 6, 7.6930391988892906, 63, 15, 51, 1.0, 
Brandon Woodruff, 19, 7, -2.1929434747865706, 48, 3, 9.338957352872814, 35, 18, -14.234180338781876, 84, 22, -14.270083605522913, 180, 23, -20.69194697225943, 263, 66, 146, 1.0, 
Brandon Young, 5, 1, 0.5957944376387347, 17, 1, 0.37449169335349186, 9, 0, 3.02848637420116e-06, 25, 5, 8.609512119684283, 20, 4, 6.013476936157133, 128, 28, 25, 1.0, 
Brandyn Garcia, 0, 0, 0.0, 0, 0, 0.0, 0, 0, 0.0, 0, 0, 0.0, 0, 0, 0.0, 0, 0, 47, 0.6666666666666667, 
Braxton Ashcraft, 7, 13, 2.383769729987595, 42, 20, 5.523502751095549, 44, 9, 1.1856021036239976, 112, 10, 1.5272643998320312, 134, 8, 0.9294011329701828, 146, 34, 131, 1.0, 
Braxton Garrett, 15, 0, 0.3157944528248242, 62, 8, 11.9462792814352, 22, 27, 33.958953436187755, 111, 1, 5.408699468670727, 113, 21, 50.087044424093975, 198, 47, 122, 1.0, 
Brayan Bello, 16, 3, 10.528728523569011, 68, 2, 33.593508461687385, 55, 12, -14.880440263481233, 133, 8, 84.86535054643824, 131, 2, 29.601705018124452, 584, 135, 157, 1.0, 
Brenan Hanifee, 4, 6, -18.960047283638026, 18, 15, -152.22911193582257, 14, 7, -28.74368895628433, 55, 6, -26.752621874708936, 42, 2, 19.516284464211274, 152, 35, 58, 1.0, 
Brendon Little, 4, 3, 30.184160020185082, 20, 7, 45.716389371256014, 29, 12, -99.99819072808799, 38, 5, -9.510876306363755, 60, 2, -3.615996582253043, 195, 45, 53, 1.0, 
Brennan Bernardino, 4, 5, -14.536536283738222, 22, 5, -21.518745452507986, 24, 10, -54.12291107599012, 45, 3, 16.73875678544801, 53, 6, -29.132616274720917, 206, 47, 55, 1.0, 
Brent Headrick, 11, 10, 24.994857306720526, 31, 11, 30.815715779097605, 18, 0, 0.015294546962768349, 38, 11, 32.82639565170645, 54, 8, 19.38704306253282, 15, 3, 46, 1.0, 
Brent Suter, 8, 1, 11.761657110667501, 27, 1, 1.9886858145401334, 16, 4, 20.57096861694545, 52, 2, 76.27436630402197, 48, 3, -9.443038139851748, 281, 66, 62, 1.0, 
Brock Burke, 8, 1, 14.107014798132415, 28, 2, 40.76286560721454, 20, 0, 52.7535721989288, 52, 2, -4.990591139285225, 59, 6, 46.27172872213549, 247, 59, 62, 1.0, 
Brock Stewart, 2, 1, 0.5097886214738905, 9, 3, 40.391832782038094, 13, 1, 3.898090230508248, 27, 6, -14.438835843151423, 45, 0, 0.2052929497015516, 84, 20, 37, 1.0, 
Brooks Raley, 4, 2, 1.7749205685372016, 18, 1, 0.4202418646726308, 22, 7, 29.947248135223724, 40, 2, 6.9151772154039985, 66, 5, 5.681514650195421, 45, 10, 58, 1.0, 
Brusdar Graterol, 2, 4, 6.754990140893668, 10, 11, 78.17191446867267, 9, 8, 23.67779228755412, 32, 2, 1.9115137981518195, 33, 0, 14.282578440299964, 45, 11, 43, 1.0, 
Bryan Abreu, 5, 1, 8.065530610507077, 18, 2, 29.673310794972004, 29, 0, 1.698963593773336, 42, 10, -82.39640140366774, 96, 1, 60.821657653374864, 289, 70, 68, 1.0, 
Bryan Baker, 9, 4, 27.341868220840134, 26, 7, 31.31511458987275, 20, 3, 13.767701357142327, 43, 0, 1.6782094245330033, 75, 4, 5.918988643799604, 175, 42, 63, 1.0, 
Bryan Hoeing, 3, 1, 3.0223391170897327, 10, 4, 41.504845648266446, 8, 2, 5.897969782885424, 21, 1, 3.7436124692178416, 22, 0, 22.643996379719393, 110, 26, 28, 1.0, 
Bryan Hudson, 4, 0, 0.00015065698618789484, 8, 7, 21.735206409326864, 11, 1, 0.8029082643445913, 15, 15, 106.85424570084882, 40, 2, 3.6616918619004446, 69, 18, 40, 1.0, 
Bryan King, 6, 0, 21.223184244980512, 20, 8, -27.351681939651115, 16, 5, 84.94007159208314, 47, 2, 36.490299471433076, 70, 3, -4.8975706044092675, 153, 37, 65, 1.0, 
Bryan Woo, 24, 5, -1.4912290567582298, 63, 6, -1.7861904482715651, 39, 30, -26.33183516427917, 119, 4, 38.02725566445791, 184, 9, 115.92701292721432, 487, 122, 187, 1.0, 
Bryce Elder, 17, 0, 4.830713156067673, 70, 7, 0.7185205005466955, 41, 2, 19.806629492894395, 115, 1, 21.875100633406923, 100, 22, -81.74872212002185, 466, 108, 120, 1.0, 
Bryce Miller, 22, 1, -0.09778636679729336, 72, 8, -8.545513388688288, 46, 13, -30.991379582445653, 108, 4, -2.093165470178535, 125, 5, 0.9316709538343666, 506, 124, 143, 1.0, 
Bryse Wilson, 5, 2, -25.042338891303665, 16, 0, 31.75143832740363, 9, 0, 3.987825968020215, 27, 1, 40.95626890303564, 19, 2, 40.71241913475839, 372, 85, 27, 1.0, 
Cade Cavalli, 18, 2, 0.08999665805645463, 63, 7, 0.6435813788817608, 40, 1, 0.032234204927848176, 135, 15, 2.889484075797924, 107, 18, 4.330763497499447, 109, 24, 132, 1.0, 
Cade Horton, 11, 5, 0.47799754879805434, 40, 18, 4.508880142394204, 36, 5, 0.46296268844640576, 94, 10, 1.470208857846682, 104, 12, 2.0491806984977785, 238, 59, 128, 1.0, 
Cade Povich, 4, 0, 5.076096205735397, 16, 0, 2.485849707845973, 11, 0, -1.2388088027473354, 25, 0, 1.5382345102153447, 27, 0, 2.850830315655185, 336, 76, 28, 1.0, 
Cade Smith, 3, 5, -6.811729329538181, 20, 2, 47.5480187736553, 19, 14, -69.17705536082397, 46, 10, 20.002039908188806, 96, 6, 63.00346628105439, 235, 59, 69, 1.0, 
Caleb Ferguson, 4, 5, -21.289496254923748, 24, 1, 50.50908634042812, 22, 1, 26.650348357202585, 47, 5, 6.484830499719735, 56, 0, 49.972877455451425, 232, 53, 57, 1.0, 
Caleb Thielbar, 7, 0, 32.45846333308782, 24, 1, 8.847204467557354, 19, 1, 87.85101975024469, 43, 2, 27.045865574649977, 66, 3, 6.925818311357528, 200, 48, 63, 1.0, 
Calvin Faucher, 6, 2, 43.842832363631544, 28, 6, -9.144535469713105, 27, 4, 39.235210790144535, 55, 1, 100.07533518901229, 67, 3, 32.29809848731752, 177, 39, 64, 1.0, 
Cam Sanders, 0, 0, 0.0, 0, 0, 0.0, 0, 0, 0.0, 0, 0, 0.0, 0, 0, 0.0, 0, 0, 25, 0.6666666666666667, 
Camilo Doval, 4, 4, -25.1998178157773, 27, 1, 17.137087472384763, 33, 7, 17.857275208281465, 47, 4, -23.319127408562792, 75, 5, -13.047298323843506, 279, 64, 63, 1.0, 
Carlos Estevez, 6, 2, -4.051888618060907, 19, 3, 2.181337318445607, 20, 0, 40.71943067957186, 42, 4, -12.72927810726852, 59, 8, -49.24291055349052, 249, 60, 64, 1.0, 
Carlos Rodon, 20, 6, 10.087006068999134, 60, 16, -21.06620942536189, 51, 9, 0.24510362779805916, 94, 1, 14.789399217590042, 156, 11, 66.22994606767222, 630, 153, 146, 1.0, 
Carlos Rodriguez, 0, 0, 0.0, 0, 0, 0.0, 0, 0, 0.0, 0, 0, 0.0, 0, 0, 0.0, 0, 0, 35, 0.6666666666666667, 
Carlos Vargas, 7, 0, 0.0018476632068051176, 25, 6, 2.552663059751623, 16, 0, 0.009931712529851255, 52, 3, 0.7643979101853002, 39, 2, 0.6246475703112306, 165, 38, 56, 1.0, 
Carmen Mlodzinski, 5, 4, -11.709540654226991, 26, 4, 25.421759581559172, 23, 0, 28.398127647433288, 59, 6, 60.29121516594007, 65, 8, -49.33639993712971, 241, 57, 71, 1.0, 
Casey Legumina, 7, 0, 0.03280180961288576, 31, 5, 2.8244135768376424, 24, 8, 5.790457892405854, 43, 11, 10.517790941978731, 56, 4, 1.4483177874170003, 109, 24, 51, 1.0, 
Casey Mize, 18, 1, 5.978362171978738, 64, 1, 2.431170381861054, 37, 9, -5.096214938454594, 133, 19, -33.1727309494526, 124, 4, 11.665770644102782, 431, 100, 142, 1.0, 
Chad Green, 10, 6, -23.796185951514133, 22, 2, -6.344353822962072, 13, 6, -19.227360918471163, 33, 2, -5.717818938957915, 36, 3, -8.661684302357592, 160, 38, 43, 1.0, 
Chad Patrick, 15, 0, 0.005859980411066321, 54, 2, 0.10358755667777442, 45, 7, 0.7015895868362385, 114, 5, 0.36931761676095576, 144, 17, 3.4021504273068643, 251, 59, 137, 1.0, 
Charlie Morton, 8, 2, 2.771989346969937, 34, 6, -20.56312049806118, 28, 7, -46.9059429012554, 54, 0, 55.09657504346133, 67, 1, 13.349955259055072, 699, 160, 63, 1.0, 
Chase Burns, 14, 0, 0.004081791784565782, 62, 2, 0.05916071819608926, 48, 19, 5.553646832712779, 101, 10, 1.558947687227512, 185, 44, 29.381378547595546, 94, 21, 122, 1.0, 
Chase Dollander, 21, 0, 0.003439558625982733, 81, 23, 8.70473711801425, 57, 9, 1.5032777206597956, 100, 9, 1.3281230469887344, 97, 1, 0.055067026392033425, 220, 49, 116, 1.0, 
Chase Lee, 4, 2, 2.8951308921243992, 11, 1, 1.2226781940102072, 6, 2, 1.534865143107421, 17, 5, 9.478328400137428, 24, 0, 0.07782875756113294, 74, 18, 25, 1.0, 
Chase Shugart, 4, 0, 0.15499231279415482, 14, 0, 0.09657563604346664, 13, 3, 2.2823454991808205, 23, 9, 15.209597423900874, 26, 3, 2.377507009691069, 90, 22, 37, 1.0, 
Chase Silseth, 9, 4, 4.917835870113074, 28, 4, 17.473481594324646, 25, 2, 1.4753602720431291, 38, 0, 15.911426138903987, 52, 2, 2.1080382747139894, 35, 8, 52, 1.0, 
Chris Bassitt, 20, 0, 5.886864487697574, 74, 3, 33.85988287868552, 56, 1, 0.9305763482223123, 148, 6, 36.214575650964164, 165, 9, -1.9967239881818841, 766, 180, 169, 1.0, 
Chris Flexen, 4, 1, -10.784952068593142, 12, 0, 19.3183405505221, 9, 0, 35.84660240010127, 23, 1, 12.536534853648499, 17, 4, 75.09510369715053, 485, 110, 27, 1.0, 
Chris Martin, 6, 0, 13.25628282578775, 17, 6, 22.169962780575077, 9, 12, -214.22152092423505, 45, 6, -59.81140672622554, 54, 4, 29.117988581528735, 194, 48, 52, 1.0, 
Chris Murphy, 4, 0, 0.4157043696790881, 16, 4, 3.2335048747331783, 21, 1, 9.245897498713598, 24, 8, 13.598734747925647, 37, 7, 1.1002722993351597, 113, 25, 39, 1.0, 
Chris Paddack, 21, 9, -8.506995577197628, 71, 12, -17.398125869632935, 31, 12, -20.875621760131317, 116, 10, 35.15651424722023, 97, 8, 72.67502130316521, 421, 98, 126, 1.0, 
Chris Roycroft, 3, 4, -30.46103655677335, 28, 1, -3.9413638179260335, 22, 0, 4.893517024311945, 40, 7, -59.60926114741764, 33, 9, -63.44374758462499, 102, 21, 39, 1.0, 
Chris Sale, 13, 3, 8.411016642368367, 49, 3, 53.87959995898895, 41, 14, -26.074200116213206, 114, 13, -24.207996410442732, 202, 23, -62.59926119625304, 507, 125, 159, 1.0, 
Christian Scott, 5, 2, 4.835374427822459, 17, 6, 22.909761288595103, 9, 2, 5.0529718287731455, 27, 0, 0.19697971465899694, 28, 3, 8.102470207508109, 59, 14, 35, 1.0, 
Cionel Perez, 2, 4, -61.23370560350122, 19, 0, 109.6993865803745, 18, 8, -275.74255657720926, 29, 3, -62.86995302571927, 26, 1, -6.429767575583714, 207, 46, 28, 1.0, 
Clarke Schmidt, 3, 0, 2.9058048808417842, 9, 1, 10.84904819065715, 9, 2, -25.29198286437814, 18, 1, 19.561551571517555, 27, 1, -3.834144210780792, 399, 94, 27, 1.0, 
Clay Holmes, 11, 9, -17.26411330924835, 54, 4, 5.083528725840127, 53, 15, -42.19157812475165, 121, 15, -41.2522477485002, 137, 8, 17.890526337852297, 375, 88, 148, 1.0, 
Clayton Beeter, 7, 2, 0.4821430734728285, 27, 17, 17.255524266827507, 40, 26, 42.09130029994924, 26, 12, 9.724265022534496, 82, 10, 6.501437035141294, 52, 12, 61, 1.0, 
Cody Bradford, 9, 3, 6.342504894550517, 29, 4, 44.45698773874298, 13, 11, 16.497977729942477, 50, 7, 15.820441467393998, 62, 6, 4.875970065860237, 116, 28, 67, 1.0, 
Cole Henry, 8, 0, 0.05172039401461004, 29, 3, 0.6199269158610221, 37, 7, 3.1267287589769737, 43, 1, 0.08198058864268076, 62, 3, 0.6621894914450701, 120, 26, 62, 1.0, 
Cole Ragans, 16, 2, 0.5628907042348787, 69, 7, -7.209104554053813, 56, 8, 143.76318140247082, 115, 2, 7.968075063538173, 207, 32, 73.82083611164762, 396, 95, 155, 1.0, 
Cole Sands, 6, 1, -1.1496730681609297, 30, 7, -29.908028335066888, 17, 6, 7.308413356960926, 53, 2, 11.2265806623071, 68, 6, 0.7763749460217468, 213, 50, 67, 1.0, 
Cole Sulser, 6, 2, 1.3369880369441147, 20, 1, 0.8338388353032092, 16, 3, 3.6826843679849928, 34, 0, 0.1140975027655813, 39, 2, 2.1503179261804237, 22, 5, 51, 0.6666666666666667, 
Cole Winn, 5, 3, 0.8062842989830337, 12, 12, 9.516088611020209, 24, 10, 6.804295883633543, 31, 9, 5.73837928956317, 54, 9, 5.163906913633333, 81, 20, 62, 1.0, 
Colin Holderman, 5, 2, -1.9053802121996348, 25, 3, -19.759595147426012, 22, 1, 23.49785450498586, 40, 4, -41.08681828375808, 37, 6, 143.44875033204323, 176, 40, 41, 1.0, 
Colin Rea, 11, 4, -1.4389888489617704, 35, 8, -31.853761515739187, 22, 4, -5.229067452808128, 65, 5, 29.209556340139045, 64, 2, 22.72505548342997, 586, 139, 80, 1.0, 
Colin Selby, 7, 1, 0.9323219017647597, 44, 9, 24.09173170343433, 28, 2, 2.1951708678875286, 48, 3, 2.926016762639143, 54, 20, 105.84936599332363, 14, 3, 45, 1.0, 
Colton Gordon, 9, 7, 6.299770162177509, 24, 5, 3.185609094028351, 9, 5, 3.3725563369904847, 39, 0, 0.029872297360447275, 34, 6, 5.03925147853198, 189, 43, 41, 1.0, 
Connor Brogdon, 10, 2, 1.3467351210627108, 28, 1, 36.46349748995953, 19, 3, -0.39991121290076137, 38, 4, 16.934703273933742, 50, 12, -38.91604777641106, 119, 28, 50, 1.0, 
Connor Phillips, 0, 0, 0.0, 0, 0, 0.0, 0, 0, 0.0, 0, 0, 0.0, 0, 0, 0.0, 0, 0, 54, 0.6666666666666667, 
Cooper Criswell, 6, 1, 1.9833089750878805, 24, 4, 6.278057406727811, 15, 0, 4.220439351865408, 45, 2, 3.105043656040513, 35, 2, 13.708291248295405, 123, 28, 46, 1.0, 
Corbin Burnes, 4, 0, 0.25302986278215556, 13, 1, 23.945803389305887, 13, 2, 50.6303071006386, 27, 0, 49.114593020216404, 40, 0, 23.291979689418138, 657, 163, 41, 1.0, 
Craig Kimbrel, 3, 0, 6.736178945584047, 13, 2, 24.233462537406695, 14, 2, 29.026915386021727, 17, 4, 26.65434070544012, 37, 0, 44.71330393362982, 128, 30, 27, 1.0, 
Craig Yoho, 0, 0, 0.0, 0, 0, 0.0, 0, 0, 0.0, 0, 0, 0.0, 0, 0, 0.0, 0, 0, 37, 0.6666666666666667, 
Cristian Javier, 16, 13, -6.634039258397152, 68, 15, 18.606021376660948, 61, 4, 62.687204786890476, 106, 9, -18.987093132897055, 128, 2, 53.82236461863146, 394, 95, 140, 1.0, 
Cristopher Sanchez, 16, 13, -4.094924659488207, 70, 31, -87.6930639355233, 47, 22, -51.88640003538785, 160, 8, -1.1525945287184172, 183, 18, -26.451649070587905, 533, 130, 192, 1.0, 
DL Hall, 4, 2, 4.344469599976755, 23, 0, -0.0032647358303207683, 22, 9, -58.27828432490665, 39, 9, 45.09322074375419, 43, 3, -10.01903160339932, 140, 32, 52, 1.0, 
Dan Altavilla, 3, 0, 0.3093973191044501, 7, 1, 0.5162729817624472, 12, 8, 24.45196860480712, 13, 2, 2.8399977923567263, 19, 8, 25.72874771334199, 60, 14, 25, 1.0, 
Daniel Palencia, 6, 0, 0.1585459508003717, 23, 1, 3.2900060338069537, 22, 1, 1.142868055856832, 46, 5, 2.9139221495187257, 75, 1, 34.37514498598197, 105, 25, 64, 1.0, 
Danny Coulombe, 3, 1, -4.45464884216071, 11, 3, -17.768467889951978, 13, 1, 153.9059419837583, 26, 0, 188.8048566127721, 45, 4, 14.66214856420595, 152, 38, 44, 1.0, 
Dauri Moreta, 4, 1, 15.904528174659676, 14, 6, 29.104871430319278, 13, 3, 26.911447696928803, 19, 0, 15.22919106894451, 40, 3, 16.662813615519866, 39, 9, 33, 1.0, 
David Bednar, 6, 2, -6.593905988073232, 23, 1, 29.172249824526542, 23, 4, 47.932951731587416, 44, 6, 7.060182772239244, 77, 3, 103.88150196029653, 250, 59, 62, 1.0, 
David Festa, 10, 1, -0.2664762852891105, 35, 2, 0.3957811059746188, 23, 9, -42.745342573530976, 48, 3, 33.058766064547, 66, 4, 144.10101397557926, 202, 46, 62, 1.0, 
David Peterson, 13, 9, -9.757590303790757, 69, 1, 44.29959879831381, 61, 17, -40.91698932676928, 141, 18, -43.20566745933823, 150, 4, 88.21063952100565, 544, 126, 161, 1.0, 
Davis Martin, 18, 0, 8.041673415065743, 70, 3, 44.06793413936571, 55, 8, -4.591279178385577, 127, 0, 29.466215434850373, 122, 12, 7.719911874414464, 316, 74, 149, 1.0, 
Daysbel Hernandez, 3, 2, 0.9150759820526879, 14, 3, 2.126101633679273, 28, 15, 38.25663836335531, 24, 1, 0.3961957130061151, 34, 7, 9.875127970274221, 82, 18, 37, 1.0, 
Dean Kremer, 17, 3, -0.07090098884268681, 61, 11, -23.393683391075122, 43, 1, 49.342921131921685, 110, 1, 63.72481705968858, 120, 2, 42.46718092576074, 627, 149, 139, 1.0, 
Dennis Santana, 4, 5, -11.116415045803343, 22, 2, 14.530813719182861, 19, 2, 4.407675543093051, 43, 4, -7.238539971249942, 61, 5, 14.003420669212353, 235, 57, 67, 1.0, 
Devin Williams, 5, 3, -2.4957734200952757, 28, 0, 34.06847355343359, 27, 3, 28.559852551128007, 38, 12, -36.02150092246731, 93, 12, -32.39327469888326, 170, 42, 64, 1.0, 
Drew Rasmussen, 12, 8, 13.823744123604857, 48, 5, 14.834530884476518, 38, 15, -39.44879474131605, 112, 20, 26.100943057103933, 154, 4, 85.22127372851794, 365, 92, 154, 1.0, 
Drew Smith, 3, 1, 6.816393346913441, 11, 1, 1.6758963860856673, 11, 0, 0.639796506870623, 18, 1, 12.623193933002101, 28, 0, 3.4437202014688855, 43, 10, 25, 1.0, 
Drew Thorpe, 8, 0, 0.00021206459795443128, 27, 1, 0.6510609017690377, 21, 2, 1.5943994758857523, 29, 13, 68.29676237164084, 28, 18, 129.62266897088085, 57, 13, 45, 1.0, 
Drey Jameson, 7, 3, 1.638153345862745, 20, 2, 1.5336034975161759, 22, 12, 27.15834023229714, 45, 2, 1.4057243297949642, 51, 5, 4.725669935452643, 22, 5, 54, 1.0, 
Dustin May, 19, 7, 3.6912915154975305, 72, 8, 9.485642826344527, 59, 3, 4.082881942296959, 110, 5, 59.73716331470806, 126, 9, 29.277121457652473, 209, 49, 142, 1.0, 
Dylan Cease, 19, 0, 0.6541336793471341, 78, 4, 13.116538716801482, 70, 3, 30.71635116571835, 128, 1, 22.12785072574009, 218, 7, 6.232682755593249, 753, 179, 175, 1.0, 
Dylan Dodd, 6, 2, 2.239031548911308, 20, 6, -10.511108439938184, 9, 8, -1.6979327981132712, 33, 6, 12.087047261701429, 34, 8, 19.188845037894282, 94, 21, 43, 1.0, 
Dylan Lee, 9, 5, -20.052181418723706, 21, 0, 52.361706716242274, 16, 5, -0.5930282528696011, 43, 2, 41.81833423632285, 75, 0, 70.26558617222344, 202, 50, 65, 1.0, 
Dylan Smith, 0, 0, 0.0, 0, 0, 0.0, 0, 0, 0.0, 0, 0, 0.0, 0, 0, 0.0, 0, 0, 28, 0.6666666666666667, 
Easton McGee, 0, 0, 0.0, 0, 0, 0.0, 0, 0, 0.0, 0, 0, 0.0, 0, 0, 0.0, 0, 0, 27, 0.6666666666666667, 
Edgardo Henriquez, 0, 0, 0.0, 0, 0, 0.0, 0, 0, 0.0, 0, 0, 0.0, 0, 0, 0.0, 0, 0, 37, 0.6666666666666667, 
Eduard Bazardo, 6, 1, 4.024848252825047, 25, 0, 14.161505298628287, 23, 2, 85.00644432406253, 41, 6, -0.5912988420987588, 74, 2, 85.50044721245068, 168, 42, 67, 1.0, 
Eduardo Rodriguez, 19, 4, -2.21134327374795, 70, 0, 5.689619413883849, 50, 0, 5.656766189277095, 125, 2, 13.6904537281935, 126, 21, -91.1954091867292, 482, 111, 134, 1.0, 
Eduarniel Nunez, 0, 0, 0.0, 0, 0, 0.0, 0, 0, 0.0, 0, 0, 0.0, 0, 0, 0.0, 0, 0, 47, 0.6666666666666667, 
Edward Cabrera, 17, 3, 0.05010963622349429, 60, 6, 25.035275129633273, 60, 10, 10.985430230635473, 98, 5, 11.646122542096208, 149, 22, -110.83818837393142, 431, 100, 137, 1.0, 
Edwin Diaz, 5, 0, 12.659950988873437, 17, 3, 104.86974116658472, 23, 8, -43.13667359478404, 33, 2, 1.6954780967445977, 99, 11, 44.90903895135554, 205, 52, 65, 1.0, 
Edwin Uceta, 7, 0, 9.921423831794776, 22, 9, -37.044199129871004, 21, 16, -94.15129404280191, 43, 5, 41.63182503838201, 90, 1, 17.668903721861863, 192, 46, 66, 1.0, 
Eli Morgan, 3, 0, 2.2410335930739476, 9, 3, 23.693135821645573, 8, 2, 4.026994186181456, 20, 0, 4.287948660302102, 27, 2, 79.15482770398859, 120, 29, 29, 1.0, 
Elvis Alvarado, 8, 1, 0.17257172648381847, 22, 7, 3.807552817547517, 31, 1, 0.06347515971775852, 39, 1, 0.06886613495601002, 68, 13, 11.988245393432607, 91, 21, 59, 1.0, 
Emerson Hancock, 11, 4, -7.768165379574334, 36, 2, -2.8535746017135297, 22, 3, -2.363799132412984, 59, 10, -50.7839143502527, 47, 5, -1.99444530438889, 260, 60, 67, 1.0, 
Emilio Pagan, 9, 2, 1.9363925478128614, 25, 1, 7.483435994005321, 21, 3, 28.654480558986663, 42, 12, -80.15155607751524, 75, 2, 17.759969807629076, 243, 59, 65, 1.0, 
Emmet Sheehan, 15, 1, 4.959566410484499, 48, 2, 16.29458185351751, 45, 5, 9.674852907535056, 80, 19, -11.49238542183177, 159, 5, -0.8160901611909974, 169, 41, 134, 1.0, 
Enyel De Los Santos, 8, 1, 28.814576926191513, 29, 2, 19.377889943767787, 22, 2, 30.992358614563052, 47, 2, 16.18183115471326, 59, 2, 123.63548493111874, 258, 62, 61, 1.0, 
Eric Lauer, 10, 5, 14.094096718015123, 26, 1, 48.98336528722994, 19, 1, 26.075419750198474, 45, 7, 0.20244041107926591, 58, 1, 9.223166064757162, 302, 72, 60, 1.0, 
Eric Orze, 5, 1, 0.11829040780025513, 19, 5, 2.3676490391403924, 23, 13, 13.267112916132533, 45, 1, 0.09128511056983935, 53, 0, 0.07144384705659235, 89, 20, 55, 1.0, 
Erick Fedde, 13, 0, 0.16532389637977965, 55, 6, 37.177488998449384, 41, 15, 19.86498751859378, 93, 7, -7.7324294708471335, 75, 7, 147.23828912328503, 557, 129, 107, 1.0, 
Erik Miller, 3, 6, -4.33649177763283, 17, 14, -69.57624753009009, 33, 22, -138.91898032781933, 43, 3, 55.68535254816737, 55, 1, -1.844838155973112, 164, 38, 58, 1.0, 
Erik Sabrowski, 4, 1, 0.19356456381651554, 13, 7, 3.6794057571400813, 39, 26, 43.41067350391148, 25, 11, 7.876512158975018, 85, 1, 0.10315778091170569, 60, 14, 59, 1.0, 
Ethan Roberts, 4, 1, 0.6376266246345015, 16, 7, 30.048054257632543, 14, 1, 0.5766275584027104, 38, 6, 20.12747419762486, 37, 3, 8.462123429147537, 35, 7, 37, 1.0, 
Eury Perez, 17, 7, 0.44821252856568883, 58, 25, 0.006329584550911704, 45, 5, -0.8600288998674293, 83, 15, -5.337327041705365, 155, 14, 2.222858852186377, 239, 58, 137, 1.0, 
Evan Sisk, 0, 0, 0.0, 0, 0, 0.0, 0, 0, 0.0, 0, 0, 0.0, 0, 0, 0.0, 0, 0, 47, 0.6666666666666667, 
Fernando Cruz, 6, 0, 1.863020864205065, 26, 6, -37.339233135674434, 28, 4, 0.8066388836001508, 37, 1, 52.5714705880765, 89, 15, -74.64671661327992, 237, 55, 59, 1.0, 
Foster Griffin, 0, 0, 0.0, 0, 0, 0.0, 0, 0, 0.0, 0, 0, 0.0, 0, 0, 0.0, 0, 0, 125, 0.6666666666666667, 
Framber Valdez, 16, 10, -11.501468974682222, 72, 10, 5.170329900340214, 62, 9, -3.9506924204017544, 149, 11, 5.60505275188617, 186, 2, 2.049398463376945, 785, 191, 191, 1.0, 
Freddy Peralta, 20, 7, -3.7708085999224465, 57, 8, 28.042403069790634, 59, 15, -33.25666884533862, 104, 12, -8.323260015635448, 193, 6, 15.838800401076666, 611, 148, 165, 1.0, 
Gabe Speier, 5, 1, 2.059889706861177, 24, 3, 65.42164187804016, 19, 4, 145.08523210506397, 39, 3, 8.509035975852978, 77, 9, -62.126194860779094, 174, 43, 58, 1.0, 
Garrett Cleavinger, 7, 2, 9.81419621783018, 20, 4, -5.118138380326791, 24, 6, 46.885365850580456, 38, 2, -1.8929354307477801, 82, 9, -44.33606953657494, 203, 48, 63, 1.0, 
Garrett Crochet, 21, 5, -1.6535409524717855, 62, 1, 27.463428367160525, 45, 24, -33.590150620511125, 131, 7, -0.9727323708696733, 244, 34, 13.073542065576817, 563, 140, 189, 1.0, 
Garrett Whitlock, 5, 4, 17.288782663617162, 22, 5, 5.581763778238805, 20, 3, 75.14497175328079, 51, 2, 17.293473004356553, 80, 4, 14.252279232740555, 211, 51, 67, 1.0, 
Gavin Stone, 5, 1, 6.728211305858269, 18, 4, 90.09716053836041, 10, 1, 7.75080346464836, 30, 3, 14.144189386128051, 25, 2, 8.367414013637356, 157, 36, 32, 1.0, 
Gavin Williams, 19, 2, 6.832322007817162, 70, 17, -23.142147390678417, 78, 6, 8.852760159644651, 121, 12, 2.453076667930141, 171, 3, 2.115835945209819, 428, 100, 166, 1.0, 
George Kirby, 19, 0, 0.1439136833929941, 72, 4, 18.123349926038784, 34, 31, -114.09047290001948, 142, 8, -1.5486742235916537, 172, 7, 63.87816177484879, 650, 159, 170, 1.0, 
George Soriano, 10, 4, -20.669528090080597, 34, 6, -29.97502472576116, 21, 2, -2.704244406407433, 38, 5, 5.527703658511726, 43, 4, 10.894440274068188, 164, 36, 44, 1.0, 
German Marquez, 21, 0, 0.37956724928055074, 85, 2, 2.5956338988504504, 44, 2, 6.477407740690275, 130, 9, -0.7649651590766808, 81, 8, 0.07612305468181546, 390, 87, 118, 1.0, 
Gerrit Cole, 14, 1, 3.8904954674051537, 44, 2, 6.4716832302034835, 34, 3, 7.740902550082231, 84, 10, 33.569888516824086, 130, 14, 6.147050697592775, 334, 84, 122, 1.0, 
Gordon Graceffo, 4, 11, 8.262649609292325, 41, 2, 0.42026123816903294, 18, 7, 3.3835668831984123, 65, 2, 0.27195338078968545, 52, 19, 23.780128214937235, 96, 21, 59, 1.0, 
Graham Ashcraft, 6, 4, 18.241454083462884, 32, 2, 73.580736668129, 23, 1, 11.672669382954497, 63, 3, 21.261037042090617, 55, 3, 7.94304265424595, 430, 98, 64, 1.0, 
Grant Anderson, 11, 5, 112.8284063723387, 32, 2, 37.76440445948121, 24, 11, -112.36313007858172, 46, 2, 257.96744724118867, 59, 5, -0.6879132629045017, 177, 40, 57, 1.0, 
Grant Holmes, 14, 1, 1.2665415362707062, 51, 0, 0.2308765835578715, 46, 12, -21.71406248832956, 92, 9, -13.415841050904639, 125, 7, -7.2109218494888925, 309, 73, 120, 1.0, 
Grant Wolfram, 3, 3, 1.667922151987547, 22, 3, 1.556215069185786, 20, 9, 14.778496999348619, 45, 17, 45.27864654557959, 43, 6, 7.087278788915569, 66, 13, 37, 1.0, 
Grayson Rodriguez, 15, 3, 0.33280528539509246, 52, 6, 4.729812280399321, 37, 3, 1.8617693530918982, 98, 2, 3.152910920604661, 129, 21, 19.421028387777042, 216, 51, 120, 1.0, 
Greg Weissert, 6, 1, 0.07089336728678308, 22, 6, -22.72169613676418, 20, 0, 0.1728170952407131, 52, 3, 28.884584914903744, 56, 3, 50.8674580683345, 216, 52, 64, 1.0, 
Gregory Santos, 1, 5, 8.19492280912234, 15, 1, 1.126829035097822, 11, 2, 2.0250770884606073, 40, 12, 49.40321328005774, 41, 0, 0.2966179464784018, 37, 8, 41, 1.0, 
Gregory Soto, 5, 5, -34.80119350709525, 29, 5, -3.4065395808994623, 26, 1, 85.82172680581925, 55, 1, 4.173133920981553, 69, 9, -75.06239423130461, 259, 58, 60, 1.0, 
Griffin Canning, 13, 0, 5.804900970017639, 46, 1, 7.037239510626515, 38, 9, 89.66167722560442, 78, 0, 2.8798273094037774, 87, 6, 30.245034483175644, 496, 116, 96, 1.0, 
Griffin Jax, 6, 2, -3.28479388602139, 25, 3, 11.284561821272476, 19, 11, -91.85408340636727, 50, 2, 48.32107523947124, 88, 13, -118.02076642023519, 280, 68, 66, 1.0, 
Gunnar Hoglund, 10, 7, 8.490689274557127, 26, 7, 7.685056388129496, 13, 5, 5.231416758043906, 33, 3, 1.5938487256759224, 28, 7, 8.523584428827363, 69, 16, 38, 1.0, 
Gus Varland, 4, 3, 3.3713085513920245, 22, 10, 30.04686371364825, 19, 0, 104.99716184281841, 47, 7, 13.80580854762595, 44, 0, 5.531111911229442, 46, 9, 43, 1.0, 
Hayden Birdsong, 8, 2, -4.413335199910678, 29, 5, -12.106335239924903, 31, 5, -2.8541519599202942, 40, 1, 137.99152675010683, 62, 2, 19.539269666168025, 245, 54, 55, 1.0, 
Hayden Harris, 0, 0, 0.0, 0, 0, 0.0, 0, 0, 0.0, 0, 0, 0.0, 0, 0, 0.0, 0, 0, 34, 0.6666666666666667, 
Hayden Wesneski, 4, 2, -44.673915078217334, 11, 2, 15.305178652969033, 6, 2, -8.287591351480216, 17, 2, 62.5459119456069, 24, 0, 54.623876100781466, 231, 55, 25, 1.0, 
Hoby Milner, 5, 4, -14.743724295978392, 26, 1, 107.58140070912629, 16, 3, 0.48231998329207926, 53, 0, 60.915660373944256, 55, 4, 4.055433186067411, 271, 65, 62, 1.0, 
Hogan Harris, 6, 3, -7.287012316582906, 27, 4, 95.50299754994882, 31, 3, 55.993220751242816, 51, 6, -29.74563521144931, 61, 2, 23.1051708521594, 268, 61, 65, 1.0, 
Huascar Brazoban, 4, 3, -14.306392407846822, 22, 2, 6.635243952553637, 25, 4, 37.756371016026904, 38, 3, 10.174654646984607, 53, 5, 14.743147056206865, 219, 51, 53, 1.0, 
Hunter Barco, 0, 0, 0.0, 0, 0, 0.0, 0, 0, 0.0, 0, 0, 0.0, 0, 0, 0.0, 0, 0, 85, 0.6666666666666667, 
Hunter Bigge, 0, 0, 0.0, 0, 0, 0.0, 0, 0, 0.0, 0, 0, 0.0, 0, 0, 0.0, 0, 0, 45, 0.6666666666666667, 
Hunter Brown, 19, 0, 2.2668260822448114, 64, 9, -2.7525549213732887, 59, 2, 12.538529279039139, 130, 11, 1.524278216758546, 198, 2, 66.01559290078181, 652, 158, 180, 1.0, 
Hunter Dobbins, 9, 4, 0.5574987006773711, 43, 7, 1.458858580729622, 26, 3, 0.29875625234950975, 83, 8, 1.7708573725646914, 67, 0, 0.0005144796401272212, 128, 30, 91, 1.0, 
Hunter Gaddis, 6, 0, 14.957831088340903, 21, 3, 48.74691175470855, 18, 2, 30.073684466981305, 46, 0, 83.9279802707932, 65, 9, -55.000547040102504, 227, 56, 66, 1.0, 
Hunter Greene, 21, 6, 5.0355136628747665, 59, 2, 3.025972555167824, 54, 6, 41.92992191312564, 105, 24, -57.18324994941355, 207, 1, 28.108420786647685, 515, 123, 169, 1.0, 
Hunter Harvey, 5, 2, 5.486729463927422, 21, 3, 3.525380394132654, 15, 5, 7.8774152291727155, 41, 1, 27.816376124775267, 56, 0, 14.789001005220703, 101, 24, 50, 1.0, 
Hunter Stratton, 2, 1, 1.6722916570441524, 10, 0, 0.04955376310350671, 5, 4, 19.916397371458586, 22, 3, 17.247876759350806, 22, 3, 15.118976626890916, 47, 11, 25, 1.0, 
Hurston Waldrep, 4, 5, 1.736782536606217, 21, 8, 3.849111972554887, 23, 8, 4.415480790805255, 47, 5, 1.9826111654982341, 61, 0, 0.0029947449032323922, 114, 28, 62, 1.0, 
Ian Hamilton, 4, 2, 7.413494218234245, 21, 2, 49.760431781815015, 23, 1, 26.04971303602516, 36, 3, 22.01840791614709, 53, 1, -1.6354268079947598, 176, 41, 49, 1.0, 
Isaac Mattson, 5, 2, 0.3987996293051568, 17, 3, 0.5304361235248853, 23, 10, 5.680687193297118, 40, 6, 2.0476429952213735, 59, 0, 0.0022404695001227368, 99, 23, 62, 1.0, 
J.T. Ginn, 9, 2, 7.018005721917305, 33, 0, 6.260646997462178, 20, 4, -10.598139212313061, 55, 8, -8.471014777308994, 62, 6, -4.401611207379787, 213, 49, 62, 1.0, 
JP Sears, 11, 4, -14.63291356099164, 33, 2, 37.04017004953795, 19, 9, -15.765911423527996, 52, 1, 7.259543167703771, 53, 0, 6.287971407985081, 591, 139, 64, 1.0, 
JT Brubaker, 1, 7, 3.9346295224717096, 21, 1, 3.2460215775633, 20, 7, 11.73575230005764, 41, 2, 0.0804851301314109, 40, 1, 3.14761851162942, 217, 49, 50, 1.0, 
Jack Flaherty, 21, 4, 8.16018367053635, 74, 1, 15.390261010917412, 58, 14, 46.79788819415349, 124, 2, 6.852204830840388, 183, 16, 22.201229711994856, 536, 125, 158, 1.0, 
Jack Kochanowicz, 4, 0, 3.3557078760890606, 19, 0, 21.714458509484995, 11, 1, 185.49879997801767, 31, 2, -6.7155231444113355, 18, 8, 56.61341832973096, 311, 70, 31, 1.0, 
Jack Leiter, 22, 0, 0.1912287552312894, 96, 9, 42.87338020552127, 72, 21, -40.49645716128293, 128, 2, 15.361829300830776, 145, 14, -16.359762657883763, 327, 74, 152, 1.0, 
Jackson Rutledge, 12, 3, 0.7137642942836582, 37, 4, 1.275837302963664, 20, 10, 6.801443495625989, 55, 13, 12.063924589870823, 51, 3, 0.8776690256533364, 165, 36, 58, 1.0, 
Jacob Latz, 10, 2, 3.9641434072728465, 36, 0, 2.8577272564925558, 49, 18, -61.92572636456396, 73, 17, -57.738881836500866, 93, 11, -22.146276696925156, 216, 51, 101, 1.0, 
Jacob Lopez, 19, 8, 0.9576324589844809, 58, 8, 0.9663167055565385, 52, 14, 2.839392333190439, 92, 12, 2.0123874272274485, 157, 16, 3.706403776262384, 199, 46, 126, 1.0, 
Jacob Misiorowski, 16, 0, 0.0027354621634548305, 66, 3, 0.10778228166353476, 64, 1, 0.024848176545440692, 92, 26, 8.15096365046314, 179, 1, 0.020284913635155832, 136, 33, 136, 1.0, 
Jacob Webb, 6, 0, 19.40297374181535, 19, 2, 34.48388648270135, 21, 1, 6.487374946533436, 33, 1, 1.7098842339317635, 52, 2, 12.434089038765556, 228, 54, 54, 1.0, 
Jacob deGrom, 20, 6, 3.124044071449948, 52, 5, -0.18582729435584078, 35, 34, 31.54821437870342, 90, 6, 4.0297116411527965, 191, 28, -27.115762898842306, 238, 62, 162, 1.0, 
Jaden Hill, 3, 3, 0.9550128695536326, 19, 2, 0.4700551005726634, 19, 8, 6.516442842813177, 43, 3, 1.1201799323865949, 53, 6, 3.3902856753734483, 64, 14, 50, 1.0, 
Jake Bird, 6, 2, -2.302640011720168, 30, 0, 57.75952712052076, 25, 6, -19.301998099258952, 51, 3, 22.37047006721634, 54, 5, 61.81787941869047, 256, 57, 54, 1.0, 
Jake Irvin, 19, 8, -10.278199520698351, 60, 14, -7.456877685760816, 36, 1, 11.51642439785589, 92, 8, -0.7776876769406087, 82, 0, 35.64935275886345, 646, 151, 109, 1.0, 
Jakob Junis, 6, 1, 5.822891677879949, 22, 2, 1.0468234022084602, 15, 8, -27.780378908635214, 50, 7, -31.019263842707062, 53, 0, 209.08873455644527, 343, 82, 63, 1.0, 
Jalen Beeks, 4, 1, -0.9738945673120032, 21, 1, 12.321021104452955, 16, 4, -31.63281315177999, 36, 4, 55.46986438122313, 39, 3, -17.585668472667017, 246, 57, 45, 1.0, 
James McArthur, 4, 0, 0.18369774407926767, 19, 2, 2.4445901484962134, 9, 2, 4.818704791570307, 37, 5, 18.666688393754534, 29, 7, 30.145032219432856, 74, 16, 35, 1.0, 
Jameson Taillon, 23, 11, -15.963843787438115, 63, 4, 23.87429642659818, 35, 22, -87.83180745852704, 114, 9, 41.908589244139414, 120, 0, 16.289891941579384, 644, 156, 153, 1.0, 
Janson Junk, 7, 7, 1.7400421832308801, 41, 6, 1.2202701223781887, 13, 24, 17.065522913461024, 83, 2, 0.12407904906626199, 62, 4, 0.6713332151649656, 223, 55, 88, 1.0, 
Jared Jones, 13, 4, 2.140571465877895, 41, 7, 4.692140393009866, 29, 3, 0.9278145750012148, 68, 11, 12.096111148442251, 98, 14, 18.624019542721463, 151, 36, 92, 1.0, 
Jared Koenig, 5, 3, -4.649499324501615, 22, 8, -2.293709824127859, 21, 3, 4.997954018944828, 51, 2, -2.043951472409333, 63, 2, 33.396048592536715, 205, 48, 64, 1.0, 
Jason Adam, 4, 2, 0.8236558297009822, 13, 7, -44.24133030224782, 19, 2, 17.91239055341659, 33, 3, 81.17095629390639, 63, 2, 186.61371079617908, 252, 63, 56, 1.0, 
Jason Alexander, 10, 0, 0.26661759213138536, 29, 5, 1.3740797373789704, 19, 7, 7.3135239665802345, 46, 1, 1.9561236097407506, 43, 0, 2.8102084276123485, 187, 42, 53, 1.0, 
Jason Foley, 1, 2, 6.654033556060984, 9, 2, 6.296067435835848, 7, 1, 23.941687091994602, 21, 2, 46.1923479038096, 19, 0, 2.2362959766160397, 130, 31, 25, 1.0, 
Javier Assad, 6, 1, 6.050404008199715, 24, 0, 8.699047752830186, 22, 6, 2.7351852544380932, 49, 3, -0.4146901464740047, 45, 2, 145.0878846126307, 351, 82, 61, 1.0, 
Jeff Hoffman, 8, 4, 28.29697173798231, 23, 4, 123.87262038072623, 22, 1, 65.10927901217849, 38, 5, 3.974237221297855, 79, 5, 52.621212999938045, 239, 57, 63, 1.0, 
Jeffrey Springs, 24, 10, -9.400825301316182, 67, 4, 29.81541908023323, 52, 2, 9.030137068656943, 130, 0, 31.89617204196864, 154, 16, 25.089185907988593, 407, 98, 167, 1.0, 
Jeremiah Estrada, 8, 4, 15.456503453777714, 23, 7, -15.814307678356634, 26, 5, -13.331020277389008, 41, 9, -36.66222901078767, 102, 7, -16.24102371002879, 222, 53, 68, 1.0, 
Jesse Scholtens, 5, 2, 2.418887469989154, 17, 3, 6.841415793653549, 10, 2, 3.0028714961112053, 30, 1, 1.8218649246879977, 21, 2, 3.57810882115896, 49, 11, 31, 1.0, 
Jesus Luzardo, 19, 4, 3.010069961079574, 80, 15, 13.639899944950926, 57, 8, 26.532515898252743, 137, 20, 41.80948253923489, 192, 0, 5.120684083860456, 543, 131, 177, 1.0, 
Jhoan Duran, 4, 3, -6.53660727875398, 19, 3, 67.95367633145364, 19, 3, -13.081444932270959, 49, 11, -109.38130430011284, 81, 1, 35.542731893827984, 259, 63, 67, 1.0, 
Jimmy Herget, 7, 1, 29.51766768614566, 25, 10, 4.362796911619853, 22, 0, 7.743355981012794, 60, 2, 5.854844921582825, 71, 2, 37.904102514705215, 172, 42, 75, 1.0, 
JoJo Romero, 4, 4, 6.525803578657531, 19, 3, 27.47980634983868, 22, 7, 82.80612165797743, 45, 7, 14.784549248353471, 57, 0, 58.152219609177905, 199, 48, 62, 1.0, 
Joe Boyle, 7, 1, -0.008334387224283368, 40, 14, -29.365156136439083, 45, 15, 215.1016804172, 53, 3, -4.334475578885687, 82, 0, 99.38337554932016, 180, 39, 72, 1.0, 
Joe Musgrove, 18, 3, 1.7912402288318325, 58, 3, 14.465763296842086, 35, 15, 2.747542935519661, 117, 2, 5.415487069784338, 147, 6, 0.8733606257211903, 258, 62, 146, 1.0, 
Joe Rock, 0, 0, 0.0, 0, 0, 0.0, 0, 0, 0.0, 0, 0, 0.0, 0, 0, 0.0, 0, 0, 25, 0.6666666666666667, 
Joe Ryan, 24, 13, -23.905233375036836, 65, 20, -47.27936430526562, 39, 23, -70.8096406648807, 113, 1, 16.257147967792122, 191, 12, 8.359319305993239, 625, 153, 168, 1.0, 
Joel Payamps, 7, 0, 2.0318610363504286, 27, 1, 30.909995178687787, 16, 2, 1.2643535572939584, 43, 3, -6.761993285704328, 47, 8, 32.07891974964039, 220, 52, 51, 1.0, 
Joel Peguero, 0, 0, 0.0, 0, 0, 0.0, 0, 0, 0.0, 0, 0, 0.0, 0, 0, 0.0, 0, 0, 59, 0.6666666666666667, 
Joey Cantillo, 16, 3, 1.0662895298066237, 55, 7, -6.739556905945669, 54, 10, 94.75452745260841, 96, 3, 7.345464783114271, 153, 18, -17.13823371465324, 225, 53, 132, 1.0, 
Joey Estes, 4, 2, 3.9634820637416066, 15, 1, 3.3508079174020065, 6, 3, 13.627217591569813, 24, 5, 23.761941317448095, 20, 0, 0.2969683226444585, 162, 38, 27, 1.0, 
Joey Lucchesi, 4, 0, 0.17225354793506997, 16, 0, 11.379959019762119, 13, 0, 3.248188292580494, 33, 3, 0.42816764655606576, 32, 1, 17.35520242265489, 113, 26, 41, 1.0, 
Joey Wentz, 7, 1, 4.930493020484199, 33, 1, 40.837816551908155, 25, 3, 48.98448230812407, 53, 0, 61.20558777103004, 55, 5, 10.952756198711143, 343, 75, 56, 1.0, 
Johan Oviedo, 14, 0, 13.126521313112573, 44, 9, -2.3587134766760087, 55, 6, 0.09630263964576002, 64, 20, 1.6319699472337845, 106, 2, 1.6060880695256219, 278, 63, 105, 1.0, 
John King, 5, 0, 21.24486256663594, 21, 2, 11.158944109481027, 13, 2, -3.2666061999091696, 50, 12, -298.20609482096535, 29, 10, -227.1301347366549, 212, 49, 47, 1.0, 
John Schreiber, 6, 0, 44.18938221721267, 25, 0, 6.4055506849229555, 22, 2, 15.625135695289256, 49, 0, 89.01526848691854, 61, 2, 40.62233751454981, 237, 56, 62, 1.0, 
Jon Gray, 6, 0, 3.634486568846118, 27, 0, 5.070379419857033, 16, 0, 6.407894404935136, 49, 2, 8.68636547166577, 49, 4, 39.23909385082183, 269, 64, 56, 1.0, 
Jonathan Cannon, 15, 0, 0.020416108605079142, 55, 4, 7.0944739270327055, 33, 5, 13.49440605230902, 85, 5, 106.86133591331262, 75, 1, -0.20446147314220697, 395, 90, 94, 1.0, 
Jonathan Loaisiga, 7, 4, 16.968752987451623, 17, 1, 7.4141000530419205, 12, 2, 0.9526251005549842, 34, 1, 6.62208067712515, 30, 5, 4.815879764679963, 96, 22, 37, 1.0, 
Jonathan Pintaro, 0, 0, 0.0, 0, 0, 0.0, 0, 0, 0.0, 0, 0, 0.0, 0, 0, 0.0, 0, 0, 25, 0.6666666666666667, 
Jordan Hicks, 6, 7, -66.87074398462788, 36, 7, -48.18886521320047, 27, 4, 8.311445074397191, 55, 3, 3.508742783343493, 53, 3, 16.3275601178427, 335, 75, 57, 1.0, 
Jordan Leasure, 11, 4, -2.917635015242876, 34, 0, 72.48488526502916, 31, 4, 37.3941812837562, 44, 11, 48.71197096068747, 70, 3, -2.2856692499886044, 164, 38, 63, 1.0, 
Jordan Montgomery, 6, 2, 4.137871797462712, 28, 2, 1.3232525151296155, 16, 2, 6.117323936612714, 50, 3, 7.5466792362157715, 39, 3, 14.556149189426097, 338, 80, 50, 1.0, 
Jordan Romano, 10, 2, 4.2640664210882875, 40, 3, 17.496658323659606, 22, 8, 82.54483004635537, 44, 15, 48.7658582066764, 60, 9, 15.932589042679894, 161, 38, 54, 1.0, 
Jordan Wicks, 6, 2, 4.071320739235526, 21, 3, 8.281930489997354, 14, 1, 1.417801811767081, 35, 2, 2.0009291740721293, 32, 6, 26.522795095432123, 77, 17, 37, 1.0, 
Jorge Lopez, 3, 3, 9.923744256681132, 17, 0, 35.7057986379877, 10, 1, 75.4104286185478, 27, 2, 57.31447970755946, 25, 0, 5.479601199095794, 221, 51, 30, 1.0, 
Jose A. Ferrer, 5, 6, -28.324513500236677, 32, 0, 4.716765787605651, 16, 8, -1.6388449476637845, 63, 3, -8.051122129777738, 57, 11, -9.92024048533412, 184, 44, 68, 1.0, 
Jose Alvarado, 6, 1, 18.477625873904095, 23, 4, 33.02503814488316, 21, 3, -0.4465561964409517, 44, 12, -122.5872377024051, 72, 4, 9.104023326213593, 189, 44, 59, 1.0, 
Jose Berrios, 20, 8, -15.04368239589014, 59, 8, -6.139341263502061, 42, 0, 9.946932019321947, 108, 0, 22.027974765610814, 113, 11, -17.510843726191354, 754, 179, 137, 1.0, 
Jose Butto, 5, 8, -43.95247039598421, 25, 13, -144.56706192057098, 30, 1, 5.083234947161138, 45, 3, 148.11992881868656, 58, 0, 32.37977483222381, 234, 56, 62, 1.0, 
Jose Fermin, 10, 8, 6.110295663628577, 24, 4, 1.5011393061629121, 32, 10, 9.864553313443537, 26, 13, 15.854953395296263, 56, 8, 6.1545188759169065, 76, 17, 50, 1.0, 
Jose Leclerc, 4, 0, 0.315540566538564, 16, 1, 0.36804337560608524, 18, 4, 40.32223228628774, 27, 3, 8.036641003864162, 51, 0, 5.914853092209833, 119, 28, 40, 1.0, 
Jose Quintana, 16, 0, 14.121619096123439, 58, 2, 38.20968432660574, 49, 11, -20.078159168529154, 111, 0, 13.476422606479172, 103, 3, 47.94419334928051, 567, 135, 139, 1.0, 
Jose Soriano, 15, 19, -32.78373505100156, 76, 20, -25.66047306512273, 75, 12, -5.119758841270453, 136, 0, 32.691843600460835, 159, 16, -23.89204708100327, 426, 100, 170, 1.0, 
Jose Urena, 5, 1, 11.617392518343935, 18, 1, 15.97216575177449, 14, 4, -65.46733798881829, 32, 0, 49.284108577837145, 24, 6, -151.24191109234738, 335, 76, 37, 1.0, 
Jose Urquidy, 15, 2, 2.9927513865254483, 46, 1, 1.7837469751856758, 30, 7, 5.882063561644625, 71, 2, 2.4203756075350125, 66, 8, 27.185573717389616, 95, 22, 87, 1.0, 
Josh Hader, 7, 4, -14.884113052773074, 17, 0, 126.59462664892135, 22, 6, 12.438273385188566, 27, 9, -98.92801073228858, 87, 5, 22.414974230067557, 233, 57, 59, 1.0, 
Josh Sborz, 6, 2, 1.457638675722065, 24, 7, 15.931344994301682, 14, 9, 27.43564844920128, 29, 6, 14.024078550268989, 53, 2, 2.4551825888090155, 27, 6, 42, 1.0, 
Josh Walker, 0, 0, 0.0, 0, 0, 0.0, 0, 0, 0.0, 0, 0, 0.0, 0, 0, 0.0, 0, 0, 29, 0.6666666666666667, 
Josiah Gray, 20, 3, 17.638299375300562, 55, 10, 48.082046373468835, 54, 1, 12.038823965351304, 86, 0, 0.19713771769898863, 107, 6, 3.1857131838323323, 134, 30, 113, 1.0, 
Jovani Moran, 3, 4, 7.2954664501343345, 23, 6, 31.389973785058395, 28, 5, 13.404225376285847, 35, 6, 10.794926727757499, 61, 3, 23.263712319122547, 34, 8, 50, 1.0, 
Juan Burgos, 0, 0, 0.0, 0, 0, 0.0, 0, 0, 0.0, 0, 0, 0.0, 0, 0, 0.0, 0, 0, 27, 0.6666666666666667, 
Juan Mejia, 6, 2, 0.32982198456077194, 28, 0, 0.0015661885977471743, 28, 12, 7.752925356335751, 47, 7, 2.8829128051398456, 71, 7, 3.2176227993664313, 130, 30, 64, 1.0, 
Juan Morillo, 2, 3, 2.8440162477759685, 15, 4, 3.655899854351837, 17, 8, 17.278437788563195, 32, 4, 4.739879197491604, 33, 0, 0.03417948405709753, 76, 17, 31, 1.0, 
Julian Aguiar, 7, 3, 9.366949507510427, 21, 5, 20.966746880129165, 12, 2, 6.033113123423441, 22, 5, 20.179168409569716, 20, 11, 93.62993035851355, 42, 9, 31, 1.0, 
Julian Fernandez, 0, 0, 0.0, 0, 0, 0.0, 0, 0, 0.0, 0, 0, 0.0, 0, 0, 0.0, 0, 0, 55, 0.6666666666666667, 
Justin Bruihl, 4, 4, 4.416345326985003, 29, 7, 10.717974533541089, 18, 6, 9.74974899688057, 46, 2, 1.2924296613835637, 38, 3, 2.9127906805755495, 15, 3, 50, 1.0, 
Justin Lawrence, 7, 3, 2.639494361146438, 35, 0, 7.576428147266373, 28, 9, 62.90131906143545, 55, 2, 20.786306587968788, 49, 3, 3.7394378378602813, 132, 29, 56, 1.0, 
Justin Slaten, 5, 2, -4.3958378412172525, 24, 1, 57.884881020328166, 15, 5, 15.501986333398165, 44, 4, -10.557554325331083, 51, 1, 18.953131598391103, 144, 35, 60, 1.0, 
Justin Steele, 7, 3, 0.7667128655944557, 30, 8, 2.1973259107607426, 23, 2, 25.348839292228924, 67, 2, 29.05800700189329, 85, 4, 2.4970806125339546, 297, 71, 84, 1.0, 
Justin Sterner, 9, 4, 0.8311122508862621, 22, 4, 1.0465901886318445, 20, 2, 0.3706202555979896, 37, 2, 0.27478050823771083, 68, 12, 7.874169259207093, 133, 32, 65, 1.0, 
Justin Topa, 3, 8, -7.264013723512491, 26, 8, -7.438038835282484, 18, 0, 1.3373505060635993, 64, 10, 4.020405997611164, 51, 4, 38.12551441990726, 172, 40, 63, 1.0, 
Justin Verlander, 16, 0, 6.163134370681793, 63, 5, 39.17101471482481, 42, 1, 25.194188158885122, 120, 6, 55.71478930222827, 124, 4, 81.61291981353112, 598, 144, 139, 1.0, 
Justin Wilson, 5, 0, 53.61394214049674, 21, 5, 113.87363309626622, 16, 2, 35.85791260520246, 41, 0, 3.086126111515827, 49, 5, -22.665377922830288, 166, 37, 43, 1.0, 
Justin Wrobleski, 7, 0, 28.687275721482834, 28, 2, 27.42398217787938, 17, 7, 8.460759024705766, 43, 6, -28.440289237626118, 51, 0, 102.18614105856473, 173, 40, 52, 1.0, 
Kade Strowd, 3, 6, 2.7836333291069018, 12, 10, 6.764804429233905, 26, 17, 20.403961694351665, 33, 1, 0.16142164978589402, 53, 2, 0.5021144292357143, 52, 13, 57, 1.0, 
Kai-Wei Teng, 2, 2, 1.265682697197521, 22, 10, 24.05685335860602, 18, 5, 5.5442189801268, 29, 7, 10.529141997886654, 43, 1, 0.2827872537931415, 69, 14, 32, 1.0, 
Kaleb Ort, 5, 2, 10.997303264477864, 16, 3, 35.73350271997734, 15, 1, 8.570240296250228, 20, 3, -3.2763420850144627, 30, 0, 2.753840356087565, 101, 22, 29, 1.0, 
Keaton Winn, 4, 0, 2.2217581541737954, 21, 8, 43.50724943664355, 10, 4, 11.294620243631975, 25, 0, 11.010399602124448, 26, 1, 4.395335094275272, 88, 20, 31, 1.0, 
Keegan Akin, 8, 0, 25.265982226927107, 28, 3, 23.077394010514325, 26, 6, 47.84387228844875, 49, 2, 199.09678608406415, 69, 0, 135.65672203833006, 255, 61, 65, 1.0, 
Keegan Thompson, 3, 1, 3.836966338908057, 13, 3, 67.28765778031612, 19, 4, 10.112090360206047, 21, 5, 20.608316805464483, 37, 3, 96.7885552291619, 122, 28, 34, 1.0, 
Keider Montero, 11, 3, -2.5876495467244442, 31, 3, -3.917324798993416, 21, 2, 63.60925941717025, 54, 4, 9.53309179366407, 49, 1, 34.18568577455425, 320, 75, 62, 1.0, 
Kendall Graveman, 4, 0, 1.3048421212947383, 13, 4, 11.200597918556728, 17, 2, 7.453655484685209, 26, 0, 13.23502094877961, 36, 0, 2.6566971903742425, 56, 13, 36, 1.0, 
Kenley Jansen, 6, 0, 5.701812107154506, 19, 1, 17.70088552299587, 19, 3, 4.646596076479419, 34, 4, 46.85660179813401, 62, 1, 13.122661882070943, 225, 55, 58, 1.0, 
Kevin Gausman, 19, 1, 0.36090913507945, 71, 0, 3.8762870204514805, 49, 7, 9.316526429850267, 137, 9, 102.56841896388552, 181, 0, 73.07992974826458, 754, 183, 179, 1.0, 
Kevin Ginkel, 5, 7, -46.96060663745013, 36, 3, -10.668943946119597, 25, 4, 17.395138497846446, 58, 1, 26.537074246832923, 67, 14, -212.37340350748167, 197, 47, 62, 1.0, 
Kevin Kelly, 7, 2, 46.11083379762365, 20, 1, 19.01357769953553, 9, 11, -245.04584111318195, 33, 4, -8.3555476362841, 37, 1, 26.71176110418492, 224, 54, 42, 1.0, 
Kirby Yates, 7, 4, 25.03228894157793, 22, 0, 147.7320059705911, 25, 0, 84.68402480412969, 31, 10, -77.22912055808655, 73, 4, -17.473148551262426, 207, 50, 55, 1.0, 
Kodai Senga, 12, 2, 0.2930116848731579, 41, 14, 8.1971062002035, 57, 1, 50.87877032774166, 83, 6, 3.800239635768442, 121, 8, 7.912149968811093, 370, 87, 118, 1.0, 
Kody Funderburk, 5, 7, -31.107698239739506, 34, 14, -101.6780832543387, 27, 2, 72.392996402114, 64, 3, 6.303232357986129, 60, 5, -6.733765491167382, 137, 30, 62, 1.0, 
Kris Bubic, 10, 10, -13.637418048164548, 47, 18, -26.88921005163722, 41, 4, 87.88508376811752, 114, 6, 44.48897536413597, 152, 11, 3.8540898689840617, 343, 79, 141, 1.0, 
Kumar Rocker, 17, 1, 0.04444732056885692, 63, 7, 1.1134047005671874, 37, 12, 3.7129243405105896, 91, 18, 7.217002581088664, 86, 3, 0.3473898121449901, 143, 32, 100, 1.0, 
Kutter Crawford, 12, 6, 5.489538245965473, 38, 7, 3.6503514060494098, 23, 2, 0.21999279082732048, 58, 15, 14.197981218870936, 78, 1, 12.252597687352113, 270, 64, 80, 1.0, 
Kyle Bradish, 11, 3, 2.7974957660526423, 43, 0, 3.1997649764614553, 48, 16, -46.41803699897696, 88, 19, -84.36710827424946, 184, 2, 38.915487243776994, 367, 89, 138, 1.0, 
Kyle Finnegan, 6, 0, 18.54952059593063, 25, 0, 7.059174445273498, 20, 3, -7.677317031265556, 48, 4, 8.756560409169197, 60, 3, -2.25750529270627, 264, 63, 62, 1.0, 
Kyle Freeland, 24, 6, 4.247209594485772, 88, 11, -18.493391908129055, 40, 14, -32.10152980468772, 162, 15, -33.33817570309653, 118, 0, 32.946604295366456, 660, 151, 160, 1.0, 
Kyle Harrison, 10, 1, 24.534910611548668, 37, 0, 138.21058250706594, 28, 1, 2.5927466913262736, 66, 2, 37.13518265816478, 80, 0, 12.240805374098596, 258, 59, 78, 1.0, 
Kyle Hart, 6, 1, 0.39815454625656344, 19, 2, 1.7235236561567007, 10, 6, 10.165958292785419, 21, 6, 9.960713709680817, 26, 0, 0.08719465233877421, 89, 21, 31, 1.0, 
Kyle Hurt, 0, 0, 0.0, 0, 0, 0.0, 0, 0, 0.0, 0, 0, 0.0, 0, 0, 0.0, 0, 0, 34, 0.6666666666666667, 
Kyle Leahy, 9, 8, -8.983163001633542, 45, 3, 38.83101518051768, 33, 4, 31.52433517125808, 95, 2, 9.686186381206799, 99, 13, -24.913130367517937, 221, 54, 118, 1.0, 
Kyle Nicolas, 4, 5, -25.197164409146495, 21, 2, 1.7914077703165852, 21, 2, -4.550693659002036, 35, 4, 59.68034996376606, 40, 1, 7.371770875361757, 164, 36, 43, 1.0, 
Lake Bachar, 6, 1, 0.14293055616870087, 21, 0, 0.024794338557189377, 22, 8, 6.1793453658079045, 31, 3, 0.9234824585107333, 52, 1, 0.28085978709133474, 148, 35, 49, 1.0, 
Lance McCullers Jr., 17, 2, 0.4326762791098895, 71, 21, -4.059951439987003, 67, 15, 24.6427305046398, 95, 21, 19.79248415595768, 110, 21, 5.727378006794169, 133, 29, 103, 1.0, 
Landen Roupp, 10, 9, -5.240234918327911, 52, 18, -27.5183527533234, 55, 1, 2.9834763190832456, 109, 9, 30.9147606475912, 118, 18, -45.96714607733952, 277, 62, 122, 1.0, 
Liam Hendriks, 2, 0, 0.8609929633253377, 5, 0, 0.38179686580278593, 5, 4, 16.121067770233388, 11, 3, 8.845127452284029, 27, 1, 2.4355086175939378, 35, 8, 26, 0.6666666666666667, 
Logan Allen, 14, 2, 0.08450115443419381, 61, 2, 39.86031230299427, 44, 14, -47.683603093318666, 113, 0, 60.37266893223801, 95, 4, 3.337379973807426, 415, 95, 121, 1.0, 
Logan Gilbert, 22, 8, -6.499943306479118, 61, 10, -6.395832150046928, 38, 22, -73.01688774842884, 108, 6, -1.4497076832504163, 191, 23, -56.15284136280198, 718, 178, 165, 1.0, 
Logan Webb, 15, 15, -23.78419321782946, 74, 22, -42.56204834702548, 46, 23, -53.354591684858306, 179, 20, 14.82665763087725, 188, 22, -12.414820961745875, 833, 204, 197, 1.0, 
Lucas Erceg, 4, 5, -23.226344234587835, 22, 2, 49.626190433304664, 20, 0, 60.594726766441205, 49, 6, -26.221131877372777, 60, 0, 14.63282071528085, 233, 54, 62, 1.0, 
Lucas Giolito, 16, 3, 10.915330952720804, 53, 1, 15.931148111796166, 47, 5, 58.056075612200814, 97, 1, 2.651558558710751, 112, 13, -11.3620997344468, 491, 114, 125, 1.0, 
Luinder Avila, 0, 0, 0.0, 0, 0, 0.0, 0, 0, 0.0, 0, 0, 0.0, 0, 0, 0.0, 0, 0, 36, 0.6666666666666667, 
Luis Castillo, 22, 5, -2.36449457529858, 69, 0, 4.882552604906123, 48, 9, -11.039952570907403, 137, 4, 3.9346960087563083, 175, 14, -3.343669619464805, 720, 175, 179, 1.0, 
Luis Curvelo, 0, 0, 0.0, 0, 0, 0.0, 0, 0, 0.0, 0, 0, 0.0, 0, 0, 0.0, 0, 0, 32, 0.6666666666666667, 
Luis Garcia, 4, 3, 0.16564789804181146, 25, 0, 10.549837066153176, 21, 6, 57.46131179743017, 52, 5, 71.47822814481471, 53, 2, 218.5226447605238, 215, 50, 57, 1.0, 
Luis Gil, 10, 2, -0.48996781083411634, 39, 5, -3.414395660166198, 53, 24, 81.65150214630131, 70, 9, -7.596099605196201, 89, 1, 42.342845865420955, 352, 83, 102, 1.0, 
Luis Medina, 10, 8, 6.70113924196923, 47, 1, 1.039572696603824, 40, 7, 4.726659253438301, 74, 15, 30.237874082887473, 69, 0, 32.38700527983579, 145, 32, 81, 1.0, 
Luis Mey, 0, 0, 0.0, 0, 0, 0.0, 0, 0, 0.0, 0, 0, 0.0, 0, 0, 0.0, 0, 0, 34, 0.6666666666666667, 
Luis Morales, 17, 9, 1.3983510786777718, 38, 7, 0.9947448739422224, 40, 13, 3.0053342663604, 69, 5, 0.4400142779337184, 102, 10, 1.745141189657435, 99, 24, 113, 1.0, 
Luis Peralta, 8, 5, 7.34856332386282, 30, 8, 18.697400528071796, 26, 16, 66.41634797378401, 32, 1, 0.726665622361665, 26, 5, 6.296362602132561, 50, 9, 30, 1.0, 
Luis Severino, 22, 0, 19.557595967002005, 87, 2, 2.4244068895246476, 56, 2, 1.595922646851324, 151, 14, -26.026633378116593, 146, 0, 96.39131204333792, 572, 133, 175, 1.0, 
Luke Jackson, 4, 3, 1.0989329512401582, 21, 4, 24.37657865379275, 21, 6, -85.75914328855458, 34, 5, -32.07430698785768, 41, 1, 79.7386126353282, 185, 42, 44, 1.0, 
Luke Weaver, 9, 3, 29.758386034104753, 29, 3, 33.00141128242457, 21, 2, 33.393358810802916, 45, 9, 114.31490746521621, 74, 0, 94.91690034547915, 332, 76, 66, 1.0, 
MacKenzie Gore, 19, 0, 16.596542306816854, 75, 10, 25.389556912483357, 67, 13, -13.476478991601716, 136, 10, 13.577293641713602, 182, 13, 74.9062417759158, 575, 132, 160, 1.0, 
Marc Church, 0, 0, 0.0, 0, 0, 0.0, 0, 0, 0.0, 0, 0, 0.0, 0, 0, 0.0, 0, 0, 30, 0.6666666666666667, 
Marcus Stroman, 8, 1, -1.875212893396311, 38, 2, 0.9136265004696469, 25, 4, -3.142964554820267, 63, 5, 6.945889041383651, 48, 3, 19.3994049271991, 498, 116, 66, 1.0, 
Mark Leiter Jr., 7, 0, 6.6625218032738225, 31, 0, 8.190499215759107, 23, 5, 7.533757113795247, 56, 5, 11.255727943960153, 77, 8, -33.68816691514857, 256, 59, 63, 1.0, 
Martin Perez, 5, 0, 7.305079912716423, 19, 0, 3.0667411532682562, 15, 4, -44.211603471194074, 34, 5, 13.217238130022963, 33, 1, 17.786214913982636, 561, 132, 43, 1.0, 
Mason Black, 7, 1, 0.5754339591905775, 30, 0, 0.06928690123010794, 17, 1, 1.5664765135370204, 45, 0, 0.26162654187673656, 34, 9, 35.56807463142797, 50, 10, 41, 1.0, 
Mason Englert, 7, 0, 13.793941279495233, 27, 3, 5.121531741901009, 16, 3, 1.2658279641974897, 53, 5, -1.3027500210251368, 56, 0, 0.2726253174205552, 137, 31, 60, 1.0, 
Mason Fluharty, 4, 0, 0.040159174232185235, 20, 3, 1.4766456630275897, 20, 4, 2.7366883985675443, 25, 6, 5.201089878035539, 44, 2, 0.8055504548317973, 107, 26, 42, 1.0, 
Mason Miller, 5, 1, 4.291584948307401, 20, 0, 0.6819331393355234, 27, 2, 38.22902367046852, 30, 11, -68.23195731030827, 101, 21, -337.3653797739262, 192, 49, 65, 1.0, 
Mason Montgomery, 7, 1, 0.06669997685501805, 36, 11, 8.543642974864994, 34, 10, 6.056636044873329, 54, 14, 12.04769170755418, 82, 5, 1.6639097114279728, 104, 23, 60, 1.0, 
Matt Brash, 4, 2, 3.174808731729394, 19, 5, 9.064169703539925, 24, 5, 29.50239440566427, 48, 9, -27.42725588633327, 78, 5, 46.837311366190605, 170, 39, 61, 1.0, 
Matt Festa, 5, 2, 11.376659278799657, 26, 5, 4.34327730320318, 16, 1, 1.3905993510507442, 43, 6, -1.6054873278190058, 61, 3, 1.847236975641163, 126, 30, 58, 1.0, 
Matt Gage, 1, 10, 8.662791354717896, 20, 12, 12.491577056655274, 19, 6, 3.513382553090068, 57, 13, 14.043262514425749, 44, 10, 8.992356577885445, 68, 15, 52, 1.0, 
Matt Strahm, 5, 1, 2.4184013932635686, 19, 2, 42.37034056542456, 18, 3, 46.177372850848975, 41, 4, 55.85332903478906, 76, 0, 51.39952125591112, 259, 63, 64, 1.0, 
Matt Svanson, 3, 4, 1.246059422672925, 15, 10, 5.749404011694068, 21, 2, 0.25023988032610456, 34, 16, 15.010770263773594, 73, 5, 1.833148796117058, 117, 30, 64, 1.0, 
Matthew Boyd, 18, 0, 1.2262540372638628, 61, 4, 6.8379825851973495, 47, 9, 8.403900541488724, 122, 4, 34.79788368485927, 158, 10, 29.459244781694302, 367, 89, 162, 1.0, 
Matthew Liberatore, 18, 1, 4.723983753225461, 74, 1, 44.944246602399225, 46, 2, 43.22627172667145, 134, 3, 6.804856638829092, 120, 3, 71.49559056547703, 360, 83, 147, 1.0, 
Max Fried, 15, 10, -14.170693156881963, 62, 23, -63.99775778500245, 50, 7, 15.45783069437882, 143, 10, -11.10670971903151, 178, 3, 8.433063980452829, 639, 157, 183, 1.0, 
Max Lazar, 6, 2, 0.7400558875507937, 20, 1, 0.24531496205787517, 11, 0, 0.06248216813753382, 32, 7, 8.95203478341655, 24, 5, 5.403110793651045, 85, 20, 37, 1.0, 
Max Meyer, 24, 10, -14.726405326267852, 71, 0, 9.52887588548993, 42, 18, -42.492115716931835, 113, 0, 5.6338064525048175, 122, 3, 1.3748934849224836, 213, 48, 126, 1.0, 
Max Scherzer, 13, 9, -50.5419292088976, 37, 12, -35.774102295190175, 21, 5, -7.7976584201868135, 61, 2, -3.465188099934707, 79, 3, -5.967750353213184, 430, 106, 80, 1.0, 
McCade Brown, 6, 1, 0.9520783612699866, 21, 1, 0.32872958499052674, 17, 3, 4.23615277949969, 25, 5, 9.555873564881637, 24, 1, 0.8700402458564831, 63, 12, 26, 1.0, 
Merrill Kelly, 20, 4, -1.4504678737538672, 64, 2, 15.259061453427304, 45, 5, 15.921797798056158, 119, 11, -1.4018733869048958, 147, 7, 89.22643368098223, 643, 158, 160, 1.0, 
Michael Kelly, 6, 1, 8.53631521673716, 20, 5, -6.002511686181428, 23, 10, 1.9626343253005984, 43, 3, 22.02195854219113, 43, 2, -1.8109779497535836, 117, 28, 59, 1.0, 
Michael King, 19, 5, 7.0172306166496785, 55, 4, 1.2017864785572652, 53, 10, -13.988008249805485, 111, 9, 90.12776141709051, 174, 6, 13.838767965364077, 416, 100, 157, 1.0, 
Michael Kopech, 5, 3, 7.497468111437904, 17, 5, 28.757062343173153, 21, 5, 32.31227046470622, 23, 1, 4.395302091525318, 48, 5, 24.991907278066336, 227, 52, 40, 1.0, 
Michael Lorenzen, 20, 7, 4.691994836550101, 64, 10, 41.53107916403851, 48, 7, 59.99131530755648, 112, 2, 92.46471127570136, 120, 10, -5.76340061368407, 544, 130, 143, 1.0, 
Michael McGreevy, 17, 1, 0.016457486285633927, 68, 4, 0.18777438425899007, 31, 19, 4.320872751998273, 128, 7, 0.6775218520105089, 87, 26, 8.100464362382766, 200, 47, 138, 1.0, 
Michael Petersen, 0, 0, 0.0, 0, 0, 0.0, 0, 0, 0.0, 0, 0, 0.0, 0, 0, 0.0, 0, 0, 27, 0.6666666666666667, 
Michael Soroka, 14, 5, -4.53277350619933, 49, 13, -74.02921814959828, 37, 1, 11.687248274462103, 66, 10, 14.012407387165268, 96, 8, -23.310847374687526, 270, 62, 93, 1.0, 
Michael Tonkin, 3, 0, 9.357678014638022, 16, 5, -22.786876345618765, 11, 1, 0.258145399757737, 25, 1, 12.359575667366478, 30, 2, -2.6349496401210146, 238, 56, 34, 1.0, 
Michael Wacha, 16, 3, 0.4722149755268408, 66, 0, 18.04786224254984, 46, 8, -4.561520787208337, 136, 10, 38.08628511878044, 135, 12, 2.2089966110549, 617, 149, 166, 1.0, 
Mick Abel, 18, 10, 2.5113607191918383, 64, 19, 9.426419657913726, 39, 1, 0.04866822805308024, 87, 8, 1.8432458230555788, 97, 9, 2.0425828533176436, 87, 19, 96, 1.0, 
Mike Burrows, 16, 4, 0.2621861878476097, 55, 5, 0.4134529088665042, 40, 4, 0.30805050677764445, 100, 5, 0.4628314517066352, 128, 5, 0.3791938919623563, 201, 48, 127, 1.0, 
Mike Clevinger, 3, 1, 2.5460022263924387, 11, 2, 6.006273597947611, 8, 0, 0.032110791885165926, 21, 0, 3.7793865461143743, 22, 2, 7.831458944322744, 103, 24, 27, 1.0, 
Miles Mikolas, 22, 7, -5.480859899786587, 77, 8, -2.3910440584161243, 32, 22, -88.6250907031548, 134, 5, 16.40667362570855, 99, 13, -24.421133601394956, 763, 182, 145, 1.0, 
Mitch Keller, 21, 1, 2.3992613326914656, 79, 15, -16.955050651124267, 51, 3, 5.415573762815487, 150, 16, -29.329844680429133, 157, 14, 28.2105049645277, 758, 176, 176, 1.0, 
Mitch Spence, 4, 1, 1.468348989992272, 14, 1, 2.9867580528259943, 7, 0, 0.7062358491779904, 25, 0, -0.05409119412176522, 20, 2, -14.250015583447016, 410, 94, 26, 1.0, 
Mitchell Parker, 8, 1, -0.644439196344456, 33, 9, -40.43167697120269, 19, 2, 6.034448648773358, 54, 1, 31.15489351214506, 44, 9, -52.216769754922524, 548, 126, 59, 1.0, 
Nate Pearson, 8, 3, 2.346745307158759, 26, 0, 27.431422619193924, 18, 6, 9.658259503777401, 41, 6, 28.674930757337698, 55, 2, 6.639288407320633, 100, 23, 51, 1.0, 
Nathan Eovaldi, 17, 1, 14.44012411161085, 51, 12, 20.53779651434737, 37, 21, -37.175595909257964, 111, 5, 35.224811706766104, 159, 1, 17.694744872233333, 557, 138, 163, 1.0, 
Nick Lodolo, 21, 8, 16.906458981835133, 69, 6, 84.14747464075822, 41, 14, -1.6691476917355885, 122, 5, 99.80900573364016, 162, 15, 74.86143844322942, 435, 102, 151, 1.0, 
Nick Martinez, 16, 0, 4.551273025749493, 60, 7, 52.00644520860028, 36, 14, 51.254289584705845, 116, 6, 3.3126096580956386, 113, 4, 30.56264624195218, 540, 130, 144, 1.0, 
Nick Mears, 7, 0, -0.18640700144303524, 28, 10, -44.5367019901868, 19, 5, -17.426355373404505, 43, 7, 11.755646585313627, 61, 7, 8.239889061190382, 190, 45, 60, 1.0, 
Nick Pivetta, 24, 10, -1.687766000064606, 64, 18, -8.063449404849948, 49, 4, 24.179002514110927, 108, 0, 6.811648172010557, 187, 14, -3.909141542199805, 669, 161, 170, 1.0, 
Nick Raquet, 0, 0, 0.0, 0, 0, 0.0, 0, 0, 0.0, 0, 0, 0.0, 0, 0, 0.0, 0, 0, 33, 0.6666666666666667, 
Nick Sandlin, 6, 3, 21.982870357899092, 14, 0, 52.07880203862181, 17, 0, 31.043786484875177, 20, 5, 12.197247875943596, 40, 6, 54.88196350587016, 110, 26, 36, 1.0, 
Noah Cameron, 18, 3, 0.14955109289507784, 48, 5, 0.31308999335572274, 45, 3, 0.12062660892128374, 95, 14, 2.1882284154949545, 125, 27, 7.890314192167423, 278, 69, 147, 1.0, 
Nolan McLean, 13, 3, 0.13690579123487834, 37, 21, 4.454585104759779, 49, 5, 0.26278533617660127, 95, 10, 1.132685997824158, 178, 1, 0.010438316215176019, 94, 24, 150, 1.0, 
Orion Kerkering, 5, 3, 1.9935848473335085, 21, 4, -10.885875430541343, 23, 7, 55.79706928988941, 50, 4, 14.72244932148483, 69, 5, 17.39106764190474, 209, 49, 63, 1.0, 
Orlando Ribalta, 8, 2, 1.4845904015139695, 28, 3, 2.487605697740168, 24, 6, 7.539532040187964, 33, 9, 15.790898607575286, 36, 4, 3.4256523401815713, 60, 12, 35, 1.0, 
PJ Poulin, 5, 3, 0.8494916120482721, 24, 2, 0.46234256863948886, 30, 0, 0.005574029289625845, 47, 16, 18.181490790725462, 63, 7, 3.443611864120683, 55, 12, 57, 1.0, 
Parker Messick, 12, 1, 0.05443489778777155, 38, 18, 5.248399071771949, 21, 25, 10.486017471286672, 121, 46, 33.63989017642274, 115, 2, 0.09028587082919803, 82, 19, 119, 1.0, 
Patrick Corbin, 15, 2, 1.485635075789363, 60, 4, 38.098829300561206, 35, 2, 4.497851388131455, 107, 1, 59.90563939625975, 87, 12, -24.063744249141976, 732, 165, 110, 1.0, 
Patrick Sandoval, 7, 5, 6.099476452224607, 36, 4, 27.200375876679438, 31, 6, 4.850439915713228, 66, 4, 11.26374060732011, 70, 0, 9.495697788211235, 273, 61, 71, 1.0, 
Paul Blackburn, 9, 0, 6.7478651178473985, 36, 1, 12.79616151239086, 19, 4, -7.986088706977995, 59, 3, 33.283855056759045, 51, 8, -11.619816205131485, 355, 82, 61, 1.0, 
Paul Gervase, 0, 0, 0.0, 0, 0, 0.0, 0, 0, 0.0, 0, 0, 0.0, 0, 0, 0.0, 0, 0, 27, 0.6666666666666667, 
Paul Sewald, 7, 3, 0.8962841485810902, 22, 4, 7.011691569866851, 16, 3, 0.9931154636688291, 37, 4, 69.69816410880513, 64, 5, 64.55015694237603, 109, 27, 55, 1.0, 
Paul Skenes, 13, 9, -5.011627185899988, 44, 29, -50.75766290115175, 45, 22, -28.794811153174805, 122, 5, 1.4303076584284575, 223, 2, 35.18373169270974, 498, 128, 186, 1.0, 
Pedro Avila, 3, 1, 3.6445962594620154, 14, 0, 11.6421585085745, 15, 4, 42.301755993164235, 28, 1, 23.107255254813488, 36, 1, 1.6686565067806498, 123, 28, 36, 1.0, 
Pete Fairbanks, 6, 0, 1.3816194067561456, 20, 0, 0.7534145070144549, 20, 2, 6.136835727711222, 39, 1, 44.466759601390514, 64, 2, 3.551004152872631, 190, 46, 61, 1.0, 
Phil Maton, 5, 1, 4.660366379744739, 21, 4, -3.5433378369120163, 23, 1, 45.74312690942947, 40, 5, -15.5891559731283, 75, 6, -31.891398081204144, 267, 64, 64, 1.0, 
Pierce Johnson, 7, 1, 2.531716257491887, 23, 6, -41.37835283474618, 23, 0, 6.871024764419269, 46, 3, 14.418601141767567, 68, 0, 79.74976319927242, 232, 54, 60, 1.0, 
Porter Hodge, 8, 5, 58.2366287431561, 24, 6, 141.04488611818783, 24, 3, -4.331172129919157, 30, 4, 12.837875221773544, 60, 10, -63.270758986423914, 124, 30, 48, 1.0, 
Prelander Berroa, 0, 0, 0.0, 0, 0, 0.0, 0, 0, 0.0, 0, 0, 0.0, 0, 0, 0.0, 0, 0, 29, 0.6666666666666667, 
Quinn Priester, 22, 2, 4.3684697858621115, 79, 2, 29.688252814843402, 54, 4, 32.2335400060752, 144, 1, 58.49909467740033, 125, 5, 46.25579014219321, 343, 79, 163, 1.0, 
Rafael Montero, 4, 0, 14.22205783165354, 15, 0, 38.273358666719616, 16, 2, -35.59836752343511, 21, 3, -35.021574323740936, 27, 4, 51.40782684526235, 246, 58, 30, 1.0, 
Raisel Iglesias, 6, 0, 14.424036357326381, 20, 1, 34.35766692846383, 15, 7, -58.38209061329495, 40, 3, 46.95569574095414, 71, 3, 52.961433646688846, 250, 63, 65, 1.0, 
Randy Vasquez, 16, 0, -0.03253685430007214, 57, 2, 31.63672287407186, 46, 6, 21.348652399692735, 111, 11, -8.990108838367249, 86, 28, -162.62776626734524, 361, 83, 128, 1.0, 
Ranger Suarez, 16, 5, -5.146685315644229, 65, 10, -11.033956534179218, 47, 8, 0.6410448896088639, 145, 12, -7.032819106086087, 160, 6, 14.040211142107784, 619, 146, 167, 1.0, 
Reid Detmers, 17, 1, 21.482850085193878, 72, 4, 147.65814150475782, 56, 5, 33.84301750239439, 115, 2, 46.23037466592955, 165, 8, 115.48105938767333, 460, 106, 136, 1.0, 
Reiver Sanmartin, 3, 1, 0.9086797541305482, 18, 1, 0.46501103884251405, 12, 4, 11.501540685329228, 27, 3, 4.245372431351301, 21, 4, 9.487207388114685, 38, 8, 38, 0.6666666666666667, 
Reynaldo Lopez, 10, 5, 5.982902525723787, 38, 21, 7.479277776646896, 45, 1, 16.281299601420194, 92, 2, 43.3933211357387, 148, 14, 8.3853498329408, 179, 44, 130, 1.0, 
Rhett Lowder, 1, 13, 22.079161182140425, 14, 30, 110.84008299878798, 34, 18, 38.83296414943127, 64, 6, 4.664337106399636, 57, 3, 1.4310469107576296, 38, 9, 78, 1.0, 
Richard Fitts, 24, 10, 2.0044712629311654, 59, 5, 0.676150161668823, 39, 14, 3.9986837177423737, 77, 16, 5.4598759595600015, 93, 6, 0.8649948611189462, 97, 22, 106, 1.0, 
Richard Lovelady, 4, 3, 3.1666122302789668, 22, 1, 0.34999244374575283, 14, 1, 0.6217820802244199, 42, 3, 4.483026062461915, 34, 1, 1.0955933481759188, 44, 10, 45, 1.0, 
Rico Garcia, 7, 3, 1.0888665147651189, 18, 2, 0.39746263417170447, 15, 1, 0.1462343289115029, 39, 7, 4.022323199815759, 59, 6, 3.011364701895765, 71, 17, 52, 1.0, 
Riley O'Brien, 3, 6, 2.5394147679365524, 15, 7, 3.1022816841961216, 26, 15, 13.172185870487908, 39, 5, 1.4077914452136646, 59, 1, 0.09456872186534926, 99, 24, 62, 1.0, 
Roansy Contreras, 5, 0, 1.5084984619332262, 17, 1, 71.03235375652069, 14, 1, 7.705607309875309, 26, 0, 40.069789897118575, 27, 1, 2.6040763478389097, 168, 38, 32, 1.0, 
Rob Zastryzny, 0, 0, 0.0, 0, 0, 0.0, 0, 0, 0.0, 0, 0, 0.0, 0, 0, 0.0, 0, 0, 47, 0.6666666666666667, 
Robbie Ray, 24, 10, 19.066472623923556, 74, 17, 144.9006757613409, 75, 13, 82.56870975874978, 105, 3, 18.11225056813541, 200, 3, 1.844172152811785, 481, 116, 171, 1.0, 
Robert Garcia, 6, 1, 8.175690659686335, 24, 4, -10.738858828985606, 20, 2, 159.807377219053, 49, 0, 44.064923320004986, 69, 3, 26.016618590620748, 200, 48, 62, 1.0, 
Robert Stephenson, 8, 4, 5.212437139353048, 23, 4, 4.159936598702204, 17, 11, 28.41594787822713, 33, 7, 15.613535562188748, 71, 0, 15.237820199171157, 44, 11, 55, 1.0, 
Robert Suarez, 6, 1, 3.6778467327567292, 22, 3, 28.48737722503512, 18, 3, 13.012104283329172, 39, 0, 92.46231733138895, 67, 3, 111.04271700122835, 206, 52, 66, 1.0, 
Roddery Munoz, 14, 9, 30.17068712453686, 34, 10, 31.203893022428645, 24, 4, 7.151676566546943, 37, 3, 4.011526719192578, 41, 0, 0.03104892937311851, 113, 24, 48, 1.0, 
Roki Sasaki, 20, 2, 0.1098662724968189, 62, 16, 4.3843700458624895, 69, 29, 13.466157735395143, 83, 27, 11.359720418144406, 95, 12, 2.5581199731913458, 80, 18, 120, 1.0, 
Ron Marinaccio, 4, 0, 1.455434637709995, 15, 1, 3.201469453831856, 22, 4, 10.514250086393373, 23, 4, 7.646222190828232, 49, 2, 57.85191727855098, 38, 9, 41, 1.0, 
Ryan Bergert, 6, 1, 0.17610411532245718, 23, 3, 0.65759513936072, 26, 6, 2.725539651418586, 39, 1, 0.19194127827707597, 55, 6, 2.6827349099382722, 161, 38, 56, 1.0, 
Ryan Brasier, 4, 2, -5.2077230415389195, 19, 1, 16.786508149724526, 9, 6, -70.1382324857457, 35, 2, 8.189391086303097, 35, 0, 19.61033941418662, 179, 43, 42, 1.0, 
Ryan Feltner, 12, 3, 24.124290206725966, 55, 2, 67.92521380868004, 40, 8, 0.14286976899997228, 96, 3, 19.045641979124184, 84, 11, -9.317584240745148, 364, 83, 101, 1.0, 
Ryan Fernandez, 7, 1, 8.774869252345852, 32, 1, 5.930926468637385, 24, 3, -11.839867627388944, 43, 0, 124.46052407177947, 50, 8, -29.242977485488126, 170, 38, 46, 1.0, 
Ryan Gusto, 8, 2, 0.5703603907051003, 32, 6, 3.0019992135537024, 19, 3, 0.9941189733117657, 50, 0, 3.5830914752057455e-05, 51, 8, 5.550818047288921, 226, 50, 52, 1.0, 
Ryan Helsley, 6, 1, 8.68041999903955, 23, 6, -34.54461133727585, 25, 3, 9.6758134805544, 49, 0, 41.655007445374125, 75, 3, -3.3873011349202606, 225, 55, 63, 1.0, 
Ryan Pepiot, 23, 10, -16.118902506434925, 63, 17, 9.867339405876834, 59, 11, 87.03971504412148, 104, 0, 53.02410199105979, 172, 0, 68.31589415910581, 384, 93, 167, 1.0, 
Ryan Thompson, 6, 2, -3.8686819041674383, 25, 1, 7.490544946370909, 17, 2, 18.598725272507867, 53, 6, 104.13987342613409, 53, 5, 8.932857289923561, 187, 44, 63, 1.0, 
Ryan Walker, 5, 3, -5.834152647285187, 23, 2, 75.38221312239061, 18, 3, 5.1431314747815335, 49, 3, 102.85441368057572, 69, 0, 7.884897461072026, 259, 62, 62, 1.0, 
Ryan Weathers, 19, 8, -11.035044984047516, 56, 3, 0.6650532844682324, 39, 3, 19.316943634653974, 99, 7, -2.6644016197938747, 112, 3, 7.811456652410139, 244, 56, 120, 1.0, 
Ryan Yarbrough, 9, 4, 0.4708066201099044, 28, 3, 31.856597765489308, 18, 2, 24.919566550524372, 46, 8, -49.336476575863486, 49, 2, 83.05020986745807, 348, 82, 63, 1.0, 
Ryan Zeferjahn, 12, 8, 4.1897116067811595, 32, 2, 0.35730676177248455, 37, 13, 9.398796250664091, 42, 12, 8.458880264442314, 81, 2, 0.48244806563922804, 128, 28, 63, 1.0, 
Ryne Nelson, 18, 0, 3.0726336158414873, 68, 2, 14.78751381959201, 42, 10, -7.460805305065193, 127, 14, -23.35081265533342, 126, 17, -7.48199511192135, 579, 138, 156, 1.0, 
Ryne Stanek, 7, 0, 8.185930480767858, 30, 1, 39.36067735452358, 28, 7, 110.07786487631606, 46, 5, -28.378687374923352, 63, 4, -11.699033489223446, 233, 53, 57, 1.0, 
Sam Bachman, 0, 0, 0.0, 0, 0, 0.0, 0, 0, 0.0, 0, 0, 0.0, 0, 0, 0.0, 0, 0, 29, 0.6666666666666667, 
Sam Hentges, 2, 5, 11.079686682790456, 16, 7, 27.048849529225105, 14, 2, 3.5744478452242365, 36, 0, 3.6899870538705635, 47, 0, 0.9877946763354724, 46, 11, 43, 1.0, 
Sam Moll, 3, 2, 6.218583154365632, 15, 0, 46.92244845111989, 18, 2, 22.693816826559324, 28, 2, 5.338475330211104, 45, 4, 2.8735831849262397, 101, 23, 43, 1.0, 
Sandy Alcantara, 22, 11, -0.14975640416804126, 96, 2, 9.063065521438393, 58, 27, -18.580923405399616, 144, 6, 7.764612688769407, 148, 4, 11.29274441253396, 558, 136, 179, 1.0, 
Scott Alexander, 2, 2, 6.25703113815813, 11, 3, 19.011541383517653, 10, 1, 28.74624506985706, 25, 0, 37.113676346733364, 23, 0, 23.707951654091747, 79, 18, 30, 1.0, 
Scott Barlow, 6, 1, 2.3849581950302303, 25, 0, 10.774004865377826, 31, 7, -65.79535401478518, 37, 4, 0.7183286261648405, 64, 0, 92.22719328693111, 283, 66, 56, 1.0, 
Scott McGough, 4, 0, 9.172868936597787, 19, 0, 2.678262924329622, 14, 1, 16.877116857104927, 21, 7, 51.28758893771456, 24, 5, 34.48886451327952, 96, 21, 25, 1.0, 
Sean Burke, 22, 10, 1.1298834529991684, 65, 5, 0.34046577248428367, 67, 13, 2.0458585932359554, 109, 27, 8.239554733849516, 140, 8, 0.8306013425302687, 298, 67, 140, 1.0, 
Sean Manaea, 20, 9, -5.653765421296548, 66, 15, -66.9858808833833, 36, 14, 134.07452432039747, 97, 13, 25.360641883438518, 142, 23, -113.21857460166038, 542, 129, 128, 1.0, 
Sean Newcomb, 6, 3, 18.257696002991317, 27, 7, 40.84388130626105, 25, 4, 3.7639983855662607, 63, 11, 75.75673967585115, 66, 1, 3.5943200959638086, 149, 34, 67, 1.0, 
Seranthony Dominguez, 7, 1, 47.301853811855715, 25, 1, 234.95104194472626, 28, 8, -77.16436918310312, 42, 6, 21.99239206246685, 74, 2, -7.578267307799241, 236, 55, 62, 1.0, 
Seth Halvorsen, 10, 0, 0.0030571749302476595, 34, 2, 0.48397634829801994, 31, 8, 4.09519411982631, 51, 4, 1.3281230469887273, 54, 6, 2.5229128149298212, 86, 19, 60, 1.0, 
Seth Lugo, 22, 6, 17.182624738121284, 65, 2, 47.940629960378764, 49, 1, 48.37261065213926, 122, 8, -6.124940729066328, 142, 5, 101.01651695017293, 580, 140, 160, 1.0, 
Shane Baz, 21, 3, 0.24713596757007394, 71, 0, 4.824536140840862, 55, 0, 12.812450097523682, 113, 22, 9.597391567530678, 151, 5, 13.449008499651615, 332, 78, 150, 1.0, 
Shane Bieber, 18, 10, 8.7616807417958, 45, 10, 16.88453210915818, 25, 18, -20.336443135013525, 81, 9, 2.853870203519577, 108, 0, 14.433289224447602, 346, 85, 118, 1.0, 
Shane McClanahan, 15, 3, 0.44065979637103087, 44, 8, 2.805458203309054, 39, 1, 11.069496547822087, 87, 20, 17.984467782059923, 139, 7, 6.943862240055059, 111, 28, 128, 1.0, 
Shane Smith, 18, 1, 0.028484101797475625, 67, 4, 0.18584240541943142, 66, 32, 9.341242358523672, 107, 1, 0.029023703998642902, 157, 9, 0.8034024195184415, 308, 73, 157, 1.0, 
Shawn Armstrong, 5, 4, -20.615820721423553, 24, 5, -6.452441783867329, 20, 3, -4.363269454556782, 48, 1, 135.07396662403934, 68, 1, 37.1230568088079, 263, 63, 67, 1.0, 
Shohei Ohtani, 9, 3, 8.093368006652, 37, 0, 8.766657642468195, 30, 16, -3.427641254419541, 83, 13, 19.63844535102116, 152, 12, 96.58596568558879, 321, 80, 118, 1.0, 
Shota Imanaga, 27, 18, -21.33466223638925, 56, 16, -5.069728188758987, 30, 28, -68.23219286356775, 96, 10, 17.936338229059462, 138, 15, 65.48267097714084, 504, 126, 154, 1.0, 
Simeon Woods Richardson, 17, 4, -0.9806934249595045, 59, 4, 2.8911286282665802, 53, 10, 63.937511056265606, 98, 4, -0.8698160729651878, 124, 16, -28.60696287668172, 416, 97, 131, 1.0, 
Slade Cecconi, 26, 11, -14.376925431267743, 84, 10, 6.003652351799168, 37, 25, -74.48208975757404, 131, 12, 2.9004265366656696, 122, 17, -30.482034119133417, 308, 73, 152, 1.0, 
Sonny Gray, 20, 2, 12.162684698626496, 72, 12, 35.650291689605005, 42, 17, -30.10273774579538, 139, 12, -1.7447151432764585, 190, 19, -21.34390916854153, 666, 162, 172, 1.0, 
Spencer Arrighetti, 13, 0, 2.9330841217654604, 47, 0, -0.11313688566423713, 43, 8, 33.065810005579436, 63, 8, 41.321040290875445, 84, 3, 61.745972520519274, 315, 72, 84, 1.0, 
Spencer Bivens, 8, 0, 37.64904247318195, 29, 6, -13.213340069553801, 19, 2, 14.109884834605262, 61, 0, 1.3524827993057138, 52, 1, -0.7844340975459001, 218, 51, 69, 1.0, 
Spencer Schwellenbach, 8, 0, -0.023950437451943835, 26, 1, 11.507769359452517, 14, 14, -70.38342198183926, 53, 4, 54.158964235344094, 74, 4, -5.107715060298274, 373, 93, 75, 1.0, 
Spencer Strider, 21, 4, 1.9315151517334757, 73, 3, 48.72595162205259, 61, 5, 20.789371423381, 124, 14, 87.85460131817307, 185, 3, 20.345506086381377, 427, 103, 157, 1.0, 
Spencer Turnbull, 5, 0, 0.19097855013402945, 18, 0, 9.676356897841918, 15, 5, 8.062567190644483, 29, 1, 3.0036907150082, 39, 6, 15.56657652398303, 78, 18, 41, 1.0, 
Stephen Kolek, 6, 5, -7.648054162414468, 34, 5, 33.83524462497146, 20, 7, -2.2179697851834277, 67, 5, 3.623824564987771, 53, 0, 95.40772639589295, 268, 63, 72, 1.0, 
Steven Cruz, 4, 0, 0.012895534236158995, 18, 1, 0.40966584284290164, 16, 5, 3.871005768499465, 30, 5, 3.932058618609986, 36, 5, 3.4170549459110546, 94, 22, 44, 1.0, 
Steven Matz, 15, 0, 4.01106853437784, 55, 0, 27.103850841787406, 30, 15, 44.845969750974746, 111, 8, 17.71714992965463, 101, 1, 7.19821210556028, 288, 68, 125, 1.0, 
Steven Okert, 7, 0, 5.753881176407859, 26, 0, 4.23573592965244, 22, 2, 14.345162208677941, 42, 4, 58.938658562720214, 70, 0, 70.86367791412255, 226, 53, 63, 1.0, 
Steven Wilson, 7, 3, 5.204404604196121, 22, 3, 102.26700917642488, 24, 8, -72.03875274114569, 34, 4, -15.686979936878366, 48, 2, 8.593919508448856, 209, 48, 49, 1.0, 
Taijuan Walker, 21, 7, 20.849112598044336, 64, 4, 42.64949025308827, 42, 5, 2.5887405924764266, 106, 10, -22.515103536354914, 83, 4, 6.19431064384929, 575, 133, 115, 1.0, 
Taj Bradley, 20, 1, 42.08681570517443, 70, 8, 56.82740542347261, 50, 6, 16.05660345348934, 101, 0, 14.920536952114396, 134, 2, 40.81958790901653, 509, 119, 132, 1.0, 
Tanner Banks, 7, 0, 8.858285483580833, 23, 4, -13.120422141421464, 16, 4, 48.00802811139485, 46, 7, -61.159512850625745, 59, 1, 50.80982355813056, 262, 63, 62, 1.0, 
Tanner Bibee, 23, 5, 0.733733743438215, 75, 4, 30.974307097023395, 51, 3, 4.714033385978513, 138, 11, -10.584751773622887, 172, 4, 81.89413385797342, 637, 154, 178, 1.0, 
Tanner Gordon, 12, 5, -6.4444798160350345, 44, 6, 130.17011833615996, 13, 14, -138.72103843237534, 63, 3, 78.37211844412836, 43, 7, -28.158746746242457, 198, 43, 55, 1.0, 
Tanner Scott, 7, 1, 56.12633827192144, 24, 0, 151.23494127752198, 24, 7, 35.26585835612272, 44, 5, -23.7707804426107, 72, 5, 11.326005285486346, 282, 67, 63, 1.0, 
Tarik Skubal, 16, 5, -1.2554515122976504, 54, 17, -28.25721546834646, 40, 37, -158.83653822540447, 128, 7, -1.963464475582418, 233, 9, -0.6266458396849259, 572, 146, 194, 1.0, 
Tayler Saucedo, 2, 2, 3.681221360086729, 12, 0, 0.2967134589676712, 13, 8, 35.335977138929394, 25, 1, 0.7064149189534952, 29, 0, 7.9893905768591305, 80, 18, 30, 1.0, 
Taylor Clarke, 8, 3, -0.9025822342151919, 22, 5, -5.917700594199701, 12, 8, -2.914718928329094, 36, 1, 19.803027515471673, 49, 8, 29.470854641082923, 157, 38, 54, 1.0, 
Taylor Rogers, 7, 1, -0.5912452218886948, 22, 5, -25.57168488848685, 25, 2, 51.65504910710835, 44, 6, 37.06112670315845, 65, 3, 40.89049085241395, 240, 56, 58, 1.0, 
Tim Herrin, 5, 2, 5.0402051127121545, 23, 2, 79.97775458749362, 28, 10, -101.80456150261293, 37, 2, 18.687054881501112, 55, 4, -20.31799050740316, 177, 41, 52, 1.0, 
Tim Hill, 6, 3, 15.653921022117991, 26, 8, -60.37887335287884, 18, 5, -18.83836059566768, 59, 4, 71.90407191677349, 37, 21, -451.6071274923527, 240, 56, 65, 1.0, 
Tim Mayza, 3, 1, 8.203483748674623, 14, 3, 59.149053304498175, 8, 1, 1.0359796617154826, 27, 2, 21.16143711362286, 21, 1, 6.334698085170879, 100, 23, 27, 1.0, 
Tobias Myers, 7, 1, 4.947942191279818, 26, 9, -42.42345542343621, 19, 1, 1.196634674104696, 59, 0, 4.428223496255413, 54, 1, 15.222438602941779, 315, 75, 66, 1.0, 
Tommy Kahnle, 6, 1, 12.60650040949562, 20, 6, -51.74038178643117, 23, 7, -41.18750969136414, 33, 9, -105.01996645827936, 49, 4, -17.646509795548937, 189, 45, 51, 1.0, 
Tommy Nance, 1, 8, 5.763543796981381, 16, 13, 13.18192923991404, 15, 5, 3.860680357082302, 45, 0, 18.511195058968212, 59, 3, 0.4421160966678901, 91, 21, 56, 1.0, 
Tomoyuki Sugano, 23, 14, 3.065139907810405, 61, 0, 0.00397235595181937, 29, 13, 2.7210202644064942, 108, 12, 2.409515760441735, 82, 11, 1.888141529986779, 337, 78, 119, 1.0, 
Tony Santillan, 7, 0, 8.748927697130439, 20, 0, 13.105453919277924, 24, 1, 117.23760259490612, 41, 3, -4.912653661431262, 82, 8, -31.01433160898908, 169, 41, 68, 1.0, 
Trent Thornton, 3, 0, 1.0985417106388145, 12, 0, 43.88034863271704, 8, 0, 33.54324060679414, 23, 3, -27.077265518287945, 24, 2, -16.165515353017938, 197, 47, 28, 1.0, 
Trevor McDonald, 0, 0, 0.0, 0, 0, 0.0, 0, 0, 0.0, 0, 0, 0.0, 0, 0, 0.0, 0, 0, 61, 0.6666666666666667, 
Trevor Megill, 4, 3, -8.330921978727599, 20, 4, -12.761690603420003, 21, 0, 41.228200128368655, 46, 2, 50.027192724140406, 77, 3, 122.01993774355904, 179, 43, 63, 1.0, 
Trevor Rogers, 12, 8, -4.479446638570256, 52, 9, 41.90625245693659, 48, 7, 65.29996971297504, 109, 2, 7.9982193771212415, 128, 1, 12.007484292272439, 423, 98, 144, 1.0, 
Trevor Williams, 3, 1, 11.191904031211308, 15, 2, -25.418765594646715, 8, 3, -26.498717328516335, 27, 2, 19.558647995391667, 23, 1, 42.84916321055541, 416, 95, 28, 1.0, 
Troy Taylor, 0, 0, 0.0, 0, 0, 0.0, 0, 0, 0.0, 0, 0, 0.0, 0, 0, 0.0, 0, 0, 40, 0.6666666666666667, 
Ty Adcock, 0, 0, 0.0, 0, 0, 0.0, 0, 0, 0.0, 0, 0, 0.0, 0, 0, 0.0, 0, 0, 26, 0.6666666666666667, 
Tyler Alexander, 9, 1, 37.19406565472808, 37, 5, -23.205242130338185, 18, 5, 26.2506352872211, 63, 2, 85.51834976674701, 56, 7, -9.850223397641088, 371, 87, 68, 1.0, 
Tyler Anderson, 16, 1, 6.279802140305042, 47, 5, 24.194200838471247, 39, 1, 49.68969827880305, 76, 2, 13.60886777139098, 76, 4, 26.297882850237425, 675, 158, 97, 1.0, 
Tyler Ferguson, 3, 2, -5.743536414819037, 20, 5, -28.08117345900346, 23, 6, -13.084235091314198, 28, 3, 21.939236615775606, 46, 3, 20.44602413573186, 181, 43, 44, 1.0, 
Tyler Gilbert, 3, 0, 15.74126770588794, 14, 0, 32.2029816017702, 14, 2, 0.5272592804043121, 22, 0, 1.947839855723611, 30, 4, 5.13452845486227, 102, 24, 32, 1.0, 
Tyler Glasnow, 14, 2, -0.9659356978709037, 47, 9, -14.693985334937555, 48, 14, 74.1035032480861, 75, 23, -82.14216167891365, 159, 6, 33.23042253211392, 425, 106, 131, 1.0, 
Tyler Holton, 9, 2, 26.388329574310497, 23, 2, 16.397824668280574, 15, 10, -77.2179245143922, 43, 10, -59.03958222501123, 58, 2, 88.76178357206945, 306, 79, 70, 1.0, 
Tyler Kinley, 7, 1, 13.564226942098207, 32, 4, 29.439903233427593, 30, 0, 84.57634485868148, 44, 7, 21.092649282330285, 65, 0, 15.232606647476892, 237, 54, 62, 1.0, 
Tyler Mahle, 12, 4, 31.4072066074491, 40, 17, 49.8591645279825, 40, 0, 27.07526042951687, 95, 5, 1.4673712746589498, 111, 0, 14.373023741584039, 221, 54, 130, 1.0, 
Tyler Phillips, 10, 2, 14.939339453335391, 33, 3, 32.382128250799994, 19, 7, 61.34079187343764, 57, 6, -7.475251080073157, 49, 3, 44.89119258975455, 189, 45, 68, 1.0, 
Tyler Rogers, 5, 4, -13.46850608473408, 21, 13, -128.13267028519928, 11, 19, -275.5499360525107, 57, 4, -4.713915625683828, 48, 7, -3.304048892267957, 304, 74, 70, 1.0, 
Tyler Wells, 12, 7, 11.323667256595428, 28, 9, 13.4756268949784, 19, 1, 1.076355525966497, 40, 8, 12.682777871665149, 61, 1, 2.488553350886801, 89, 22, 68, 1.0, 
Victor Mederos, 0, 0, 0.0, 0, 0, 0.0, 0, 0, 0.0, 0, 0, 0.0, 0, 0, 0.0, 0, 0, 25, 0.6666666666666667, 
Victor Vodnik, 6, 5, -12.495452453104932, 26, 10, -53.96022341275953, 32, 1, 12.622854057593887, 52, 10, -49.84699956091933, 60, 1, 19.868101276400264, 214, 49, 63, 1.0, 
Wade Miley, 3, 0, 1.5158536852906077, 11, 2, 2.65853509744961, 10, 1, 3.352206362414913, 23, 3, 8.0856974969034, 23, 3, 12.107962601572323, 64, 15, 33, 1.0, 
Walker Buehler, 8, 0, 2.9727620918212816, 25, 1, 6.583500626282682, 19, 0, 29.15634527289349, 39, 5, -16.08707122911072, 35, 4, 0.6449487883847098, 343, 77, 44, 1.0, 
Wandy Peralta, 6, 1, 18.820440094756947, 22, 3, 36.19991789862229, 23, 6, -23.44308619534523, 44, 1, 53.98946784338665, 48, 9, -71.07921839868118, 231, 54, 58, 1.0, 
Wikelman Gonzalez, 0, 0, 0.0, 0, 0, 0.0, 0, 0, 0.0, 0, 0, 0.0, 0, 0, 0.0, 0, 0, 46, 0.6666666666666667, 
Will Klein, 0, 0, 0.0, 0, 0, 0.0, 0, 0, 0.0, 0, 0, 0.0, 0, 0, 0.0, 0, 0, 47, 0.6666666666666667, 
Will Vest, 4, 5, -27.305563466002937, 23, 6, -16.859697082608932, 19, 0, 14.67807054362631, 54, 3, -2.674125429251081, 69, 3, 89.81030465414568, 261, 62, 66, 1.0, 
Will Warren, 20, 2, 1.2450655277884488, 91, 14, 291.76053890002936, 53, 9, 29.274802979044296, 124, 1, 192.21020682277867, 139, 23, 225.79686799942192, 328, 73, 124, 1.0, 
Yaramil Hiraldo, 0, 0, 0.0, 0, 0, 0.0, 0, 0, 0.0, 0, 0, 0.0, 0, 0, 0.0, 0, 0, 35, 0.6666666666666667, 
Yariel Rodriguez, 4, 0, 0.11403476239318422, 15, 2, -7.210369919196907, 17, 4, 102.51695496453726, 25, 0, 11.294768634525294, 37, 2, -10.13193686025641, 266, 63, 39, 1.0, 
Yennier Cano, 6, 1, -0.3402451440329468, 26, 3, 37.078085952485836, 21, 2, 50.615532605689125, 50, 1, -0.7255186929795516, 56, 5, 116.33977422769601, 242, 58, 57, 1.0, 
Yimi Garcia, 7, 2, 5.026083529345345, 21, 4, 1.9829557373988038, 15, 2, 5.534112173638293, 33, 8, 159.87927072238517, 64, 7, 38.28347801336166, 113, 27, 54, 1.0, 
Yoendrys Gomez, 10, 0, 0.0703721731331034, 31, 1, 0.09221769812386049, 23, 0, 0.06050212747601247, 42, 3, 0.9672034272473855, 49, 6, 3.623090550974112, 138, 31, 54, 1.0, 
Yohan Ramirez, 5, 1, 3.064712365051692, 30, 5, 18.71422647366836, 23, 0, 11.210246498022677, 47, 4, -0.6055077830624782, 60, 1, 58.92945939838594, 176, 38, 52, 1.0, 
Yoshinobu Yamamoto, 13, 4, -1.8592750781554122, 48, 6, 4.2678805793662296, 48, 1, 21.097606256536647, 104, 4, 106.66572632060132, 186, 6, -3.8522235768075532, 420, 105, 159, 1.0, 
Yuki Matsui, 7, 1, -0.4645937901747317, 23, 0, 1.0983052966156992, 26, 3, 9.15504530474999, 35, 1, 9.230212176370538, 54, 1, 45.991298049152014, 211, 50, 53, 1.0, 
Yusei Kikuchi, 23, 9, -8.553151347996053, 73, 16, -19.085529524669326, 59, 11, 57.47538291647198, 138, 17, -7.9708776330595725, 179, 0, 21.738132980991526, 665, 155, 167, 1.0, 
Zac Gallen, 23, 5, -3.8345393246851893, 83, 9, -4.997294277605842, 60, 11, 47.649820512288976, 138, 9, -3.324050035649929, 174, 18, -47.24950895052937, 748, 183, 180, 1.0, 
Zach Agnos, 8, 1, 0.2050256800883452, 35, 10, 10.802410715928161, 26, 7, 5.140609564427663, 41, 1, 0.2049239797652005, 32, 17, 27.84999854565268, 69, 15, 49, 1.0, 
Zach Eflin, 25, 14, -3.17411557881411, 74, 16, 3.3577381380818565, 27, 29, -187.372002849012, 130, 8, 6.679510542205961, 114, 0, 36.589620295837435, 502, 122, 144, 1.0, 
Zach Maxwell, 0, 0, 0.0, 0, 0, 0.0, 0, 0, 0.0, 0, 0, 0.0, 0, 0, 0.0, 0, 0, 39, 0.6666666666666667, 
Zach Pop, 7, 0, 5.364671489702077, 26, 0, 39.21977883742349, 16, 5, 24.704948854871002, 37, 3, 11.059183649774651, 32, 10, 35.10770998969218, 67, 16, 46, 1.0, 
Zack Kelly, 6, 0, 23.751733207831297, 27, 2, 1.213778354599814, 22, 4, -14.680280865862862, 44, 4, -12.981172690786998, 57, 1, 30.65154585323654, 157, 36, 55, 1.0, 
Zack Littell, 23, 11, -19.6952113286795, 63, 2, 11.608224015076157, 30, 27, -133.50967169366, 122, 0, 50.5981860709107, 117, 7, 52.00801285862771, 496, 119, 148, 1.0, 
Zack Wheeler, 15, 2, 1.8734560654713577, 43, 5, -4.661710973398419, 33, 16, -58.62283254211695, 87, 13, -27.778729649354972, 164, 8, 96.05135051192636, 691, 173, 136, 1.0, 
Zak Kent, 0, 0, 0.0, 0, 0, 0.0, 0, 0, 0.0, 0, 0, 0.0, 0, 0, 0.0, 0, 0, 25, 0.6666666666666667, 
Zebby Matthews, 23, 12, 24.061587648923776, 78, 20, -19.684032802783037, 38, 18, -45.752592012709584, 124, 16, -36.30326043614532, 134, 11, -14.995018838744826, 212, 46, 120, 1.0, 
