Aaron Ashby, 4, 3, -5.005660069772709, 20, 4, 0.8909809491429499, 23, 4, -5.428441112702394, 48, 5, 22.63253669327478, 78, 4, -1.7445303261288423, 250, 58, 67, 1.0, 
Aaron Civale, 19, 1, 19.924112525468004, 65, 0, 55.38591870108937, 41, 12, 12.126893317608804, 103, 4, -2.90607648365106, 117, 2, 12.7928366946447, 508, 120, 129, 1.0, 
Aaron Nola, 27, 12, -18.60383237982345, 92, 17, -8.913162137734687, 49, 22, -61.52080054753608, 145, 14, -4.6428792965676, 180, 2, 12.857463011054222, 706, 172, 175, 1.0, 
Adam Mazur, 5, 0, -0.006073726811398755, 23, 3, 6.720247148263816, 17, 8, -56.01933544642003, 37, 1, 10.355348807418121, 24, 4, -25.01545196067576, 118, 25, 37, 1.0, 
Adrian Houser, 14, 8, -14.885228072406484, 68, 8, -7.5892621203897015, 50, 6, 21.1332327888909, 130, 3, 153.27318119306076, 102, 3, 39.1149728719277, 440, 101, 141, 1.0, 
Alek Manoah, 17, 7, 19.704698306198758, 45, 11, 21.780469264166758, 40, 11, 58.412809645542254, 64, 4, 41.85699746849922, 102, 13, 23.55069472194014, 217, 51, 102, 1.0, 
Alex Cobb, 6, 2, 1.9481540449873256, 27, 4, 8.600668494308522, 16, 3, 3.955436579812674, 59, 4, 16.660050690591767, 56, 8, 19.650608881999553, 127, 30, 62, 1.0, 
Andre Pallante, 15, 5, -0.06462623676615209, 72, 8, 29.582742357502404, 53, 18, -74.64797661756364, 132, 3, 21.104302256963617, 102, 8, 5.146165146968755, 495, 114, 143, 1.0, 
Andrew Abbott, 22, 6, 3.5279032366011354, 61, 9, 23.22785594961896, 52, 3, 38.90315113294401, 127, 9, -10.486624401909506, 150, 1, 82.782262129795, 535, 128, 166, 1.0, 
Antonio Senzatela, 9, 1, 3.773875616190118, 40, 0, 22.701171135561474, 20, 3, 8.953643227298116, 71, 18, -14.738551357227266, 33, 12, -6.679955603915033, 293, 63, 56, 1.0, 
Austin Gomber, 26, 13, -49.96630738259941, 83, 14, -43.33447694138721, 35, 12, -33.39160602188035, 125, 2, 35.426327785012106, 79, 14, -39.68315050076953, 525, 121, 121, 1.0, 
Bailey Falter, 10, 3, 3.3202670790688096, 35, 6, 3.136408816886913, 23, 2, 25.17342904997492, 59, 3, 15.464597834319573, 50, 8, -39.164520719265624, 450, 107, 72, 1.0, 
Bailey Ober, 22, 10, -15.184105079195461, 66, 12, 5.591842004850136, 32, 16, -64.22802065759464, 108, 9, 2.826500514782879, 126, 16, -31.55305614970814, 534, 131, 138, 1.0, 
Beau Brieske, 7, 0, 21.359598611669334, 26, 4, 44.425720408191054, 22, 2, 73.21372148167981, 38, 3, -16.437216778516728, 40, 5, -36.43599077698542, 219, 51, 47, 1.0, 
Ben Brown, 6, 1, 2.959746920925613, 27, 7, -38.62728734861817, 16, 3, 29.79134263073209, 42, 0, 2.3280378050563217, 57, 2, 20.215498301848726, 277, 64, 50, 1.0, 
Blake Snell, 9, 8, -11.545588557496256, 44, 6, 31.50306563514369, 63, 14, 9.526112968104059, 99, 14, -5.213538136400771, 189, 7, 9.03082238665317, 487, 118, 148, 1.0, 
Bowden Francis, 8, 4, -39.4829085259161, 19, 2, 31.210624973675188, 12, 2, -10.55152178729061, 26, 1, 10.00098183128264, 33, 1, 7.00030556974484, 257, 63, 38, 1.0, 
Brad Keller, 7, 1, 61.04636198307501, 27, 1, 76.44811251207503, 27, 10, 246.31282275510364, 51, 0, 4.292049075378364, 60, 5, 79.62136431133366, 324, 73, 67, 1.0, 
Brad Lord, 17, 3, 0.11018601298745612, 65, 19, 4.237510676288494, 46, 4, 0.2021358500610666, 116, 13, 1.9506159942814882, 114, 15, 2.5538456356820127, 273, 65, 141, 1.0, 
Brady Singer, 19, 0, 0.32597507811262316, 76, 8, 6.77802783050981, 54, 6, 9.73249029751202, 141, 0, 20.35542711075699, 161, 1, 20.92389077578826, 700, 165, 170, 1.0, 
Brandon Pfaadt, 25, 7, 1.8857415492484861, 95, 22, -56.4935708319926, 42, 23, -60.14426159693471, 160, 5, 12.159837669357184, 156, 13, 20.64336465690439, 603, 140, 172, 1.0, 
Brandon Williamson, 7, 2, 1.763086101482528, 23, 7, 13.116445732762838, 16, 1, 0.6525505651149197, 39, 1, 0.4963679504314302, 41, 5, 7.6930391988892906, 63, 15, 50, 1.0, 
Brandon Woodruff, 20, 7, -2.1929434747865706, 51, 3, 9.338957352872814, 37, 19, -14.234180338781876, 88, 23, -14.270083605522913, 189, 24, -20.691946972259345, 263, 66, 153, 1.0, 
Brandon Young, 6, 1, 0.5957944376387347, 22, 1, 0.37449169335349186, 12, 0, 3.02848637420116e-06, 31, 6, 8.609512119684283, 25, 5, 6.013476936157133, 128, 28, 31, 1.0, 
Braxton Ashcraft, 7, 13, 2.383769729987595, 42, 20, 5.523502751095549, 44, 9, 1.1856021036239994, 113, 10, 1.5272643998320312, 134, 8, 0.9294011329701828, 146, 34, 132, 1.0, 
Braxton Garrett, 15, 0, 0.3157944528248242, 63, 8, 11.9462792814352, 22, 28, 33.958953436187784, 113, 1, 5.408699468670727, 115, 21, 50.087044424093975, 198, 47, 125, 1.0, 
Brayan Bello, 16, 3, 10.528728523569011, 68, 2, 33.593508461687385, 55, 12, -14.880440263481255, 133, 8, 84.86535054643824, 131, 2, 29.601705018124452, 584, 135, 157, 1.0, 
Brennan Bernardino, 4, 5, -14.536536283738222, 22, 5, -21.518745452507986, 25, 10, -54.12291107599012, 46, 3, 16.73875678544801, 54, 6, -29.132616274720917, 206, 47, 57, 1.0, 
Bryan Hoeing, 3, 1, 3.0223391170897327, 11, 4, 41.504845648266446, 9, 2, 5.897969782885424, 23, 1, 3.7436124692178416, 24, 0, 22.643996379719393, 110, 26, 30, 1.0, 
Bryan Woo, 24, 5, -1.4912290567582298, 64, 6, -1.7861904482715651, 39, 30, -26.33183516427917, 119, 4, 38.02725566445791, 184, 9, 115.92701292721432, 487, 122, 188, 1.0, 
Bryce Elder, 9, 0, 4.830713156067673, 40, 4, 0.7185205005466955, 23, 1, 19.806629492894395, 66, 0, 21.875100633406923, 57, 12, -81.74872212002185, 466, 108, 68, 1.0, 
Bryce Miller, 22, 1, -0.09778636679729336, 72, 8, -8.545513388688288, 46, 14, -30.99137958244566, 108, 4, -2.093165470178535, 126, 5, 0.9316709538343666, 506, 124, 143, 1.0, 
Cade Cavalli, 20, 2, 0.08999665805645463, 69, 7, 0.6435813788817608, 44, 1, 0.0322342049278479, 146, 16, 2.889484075797924, 116, 20, 4.330763497499447, 109, 24, 143, 1.0, 
Cade Horton, 11, 6, 0.47799754879805434, 41, 18, 4.508880142394204, 37, 5, 0.46296268844640576, 95, 10, 1.470208857846682, 105, 12, 2.0491806984977785, 238, 59, 130, 1.0, 
Cade Povich, 6, 0, 5.076096205735397, 23, 0, 2.485849707845973, 16, 0, -1.2388088027473354, 36, 1, 1.5382345102153447, 39, 0, 2.850830315655185, 336, 76, 39, 1.0, 
Cal Quantrill, 12, 0, 3.6580302177873345, 47, 3, 10.970791143261014, 27, 3, 27.143008608716595, 73, 2, 107.46902138905605, 55, 5, 27.480321431752493, 595, 137, 77, 1.0, 
Caleb Ferguson, 4, 5, -21.289496254923748, 24, 1, 50.50908634042812, 22, 1, 26.650348357202585, 48, 5, 6.484830499719735, 56, 0, 49.97287745545145, 232, 53, 57, 1.0, 
Carlos Rodon, 21, 6, 10.087006068999134, 62, 16, -21.06620942536189, 53, 9, 0.24510362779805916, 97, 1, 14.789399217590042, 161, 11, 66.22994606767237, 630, 153, 151, 1.0, 
Carmen Mlodzinski, 6, 4, -11.709540654226991, 27, 4, 25.421759581559172, 24, 0, 28.398127647433288, 61, 6, 60.29121516594007, 68, 8, -49.33639993712971, 241, 57, 73, 1.0, 
Carson Palmquist, 9, 5, 4.873424259897611, 32, 6, 9.506019277874344, 23, 7, 11.325887466313375, 35, 3, 2.0690269057724606, 27, 8, 13.198167995966855, 87, 17, 33, 1.0, 
Casey Mize, 19, 2, 5.978362171978738, 70, 1, 2.431170381861054, 41, 9, -5.0962149384546045, 146, 21, -33.1727309494526, 136, 4, 11.665770644102782, 431, 100, 155, 1.0, 
Chad Patrick, 14, 0, 0.005859980411066321, 53, 2, 0.10358755667777442, 43, 7, 0.7015895868362394, 111, 5, 0.36931761676095576, 140, 16, 3.4021504273068643, 251, 59, 133, 1.0, 
Charlie Morton, 11, 2, 2.771989346969937, 45, 8, -20.56312049806118, 37, 10, -46.90594290125537, 71, 0, 55.09657504346133, 89, 1, 13.34995525905508, 699, 160, 84, 1.0, 
Chase Burns, 15, 0, 0.004081791784565782, 65, 2, 0.05916071819608926, 50, 20, 5.553646832712779, 106, 10, 1.558947687227512, 195, 47, 29.381378547595546, 94, 21, 129, 1.0, 
Chase Dollander, 23, 0, 0.003439558625982733, 88, 25, 8.70473711801425, 62, 10, 1.5032777206597956, 109, 9, 1.3281230469887344, 106, 2, 0.055067026392033425, 220, 49, 127, 1.0, 
Chase Silseth, 10, 4, 4.917835870113074, 29, 4, 17.473481594324646, 26, 2, 1.4753602720431291, 40, 0, 15.911426138903987, 54, 2, 2.1080382747139894, 35, 8, 55, 1.0, 
Chris Bassitt, 19, 0, 5.886864487697574, 70, 3, 33.85988287868552, 52, 1, 0.9305763482223088, 139, 6, 36.214575650964164, 155, 9, -1.9967239881818841, 766, 180, 159, 1.0, 
Chris Paddack, 19, 8, -8.506995577197628, 63, 11, -17.398125869632935, 27, 11, -20.87562176013133, 102, 8, 35.15651424722023, 85, 7, 72.67502130316521, 421, 98, 111, 1.0, 
Chris Sale, 14, 3, 8.411016642368367, 50, 4, 53.87959995898895, 42, 15, -26.074200116213206, 117, 13, -24.207996410442732, 208, 23, -62.59926119625281, 507, 125, 163, 1.0, 
Christian Scott, 6, 3, 4.835374427822459, 19, 7, 22.909761288595103, 10, 3, 5.0529718287731455, 31, 0, 0.19697971465899694, 32, 4, 8.102470207508109, 59, 14, 39, 1.0, 
Clarke Schmidt, 2, 0, 2.9058048808417842, 9, 1, 10.84904819065715, 9, 2, -25.291982864378163, 18, 1, 19.561551571517555, 26, 1, -3.8341442107807637, 399, 94, 26, 1.0, 
Clay Holmes, 11, 10, -17.26411330924835, 57, 4, 5.083528725840127, 56, 16, -42.191578124751686, 127, 15, -41.2522477485002, 144, 8, 17.890526337852354, 375, 88, 156, 1.0, 
Cody Bradford, 12, 5, 6.342504894550517, 38, 5, 44.45698773874298, 17, 14, 16.49797772994247, 65, 9, 15.820441467393998, 80, 8, 4.875970065860237, 116, 28, 86, 1.0, 
Cole Ragans, 16, 2, 0.5628907042348787, 71, 7, -7.209104554053813, 58, 9, 143.7631814024708, 118, 2, 7.968075063538173, 213, 33, 73.82083611164802, 396, 95, 160, 1.0, 
Colin Rea, 11, 4, -1.4389888489617704, 35, 7, -31.853761515739187, 22, 4, -5.2290674528081205, 63, 5, 29.209556340139045, 63, 2, 22.72505548342997, 586, 139, 78, 1.0, 
Colton Gordon, 9, 7, 6.299770162177509, 24, 4, 3.185609094028351, 9, 5, 3.3725563369904847, 39, 0, 0.029872297360447275, 33, 6, 5.03925147853198, 189, 43, 41, 1.0, 
Cooper Criswell, 4, 1, 1.9833089750878805, 18, 3, 6.278057406727811, 11, 0, 4.220439351865403, 34, 1, 3.105043656040513, 26, 1, 13.708291248295405, 123, 28, 35, 1.0, 
Corbin Burnes, 4, 0, 0.25302986278215556, 12, 1, 23.945803389305887, 13, 2, 50.630307100638554, 26, 0, 49.114593020216404, 39, 0, 23.291979689418145, 657, 163, 40, 1.0, 
Cristian Javier, 17, 13, -6.634039258397152, 71, 16, 18.606021376660948, 64, 4, 62.68720478689047, 111, 10, -18.987093132897062, 134, 2, 53.82236461863146, 394, 95, 147, 1.0, 
Cristopher Sanchez, 16, 13, -4.094924659488207, 70, 31, -87.6930639355233, 47, 22, -51.886400035387794, 160, 8, -1.1525945287184172, 183, 18, -26.451649070587905, 533, 130, 192, 1.0, 
DL Hall, 4, 3, 4.344469599976755, 24, 0, -0.0032647358303207683, 23, 9, -58.27828432490665, 40, 9, 45.09322074375419, 45, 3, -10.01903160339932, 140, 32, 53, 1.0, 
David Festa, 7, 0, -0.2664762852891105, 27, 1, 0.3957811059746188, 17, 6, -42.745342573530976, 36, 2, 33.058766064547, 50, 3, 144.10101397557926, 202, 46, 47, 1.0, 
David Peterson, 14, 9, -9.757590303790757, 73, 1, 44.29959879831381, 64, 17, -40.91698932676928, 148, 19, -43.20566745933823, 158, 4, 88.21063952100565, 544, 126, 169, 1.0, 
Davis Martin, 18, 0, 8.041673415065743, 70, 3, 44.06793413936571, 55, 8, -4.591279178385577, 127, 0, 29.466215434850373, 122, 12, 7.719911874414464, 316, 74, 150, 1.0, 
Dean Kremer, 19, 4, -0.07090098884268681, 68, 13, -23.393683391075122, 47, 1, 49.342921131921706, 122, 1, 63.72481705968858, 133, 2, 42.46718092576074, 627, 149, 153, 1.0, 
Drew Rasmussen, 12, 8, 13.823744123604857, 50, 5, 14.834530884476518, 39, 16, -39.44879474131605, 117, 20, 26.100943057103933, 160, 4, 85.22127372851787, 365, 92, 161, 1.0, 
Drew Thorpe, 12, 0, 0.00021206459795443128, 42, 2, 0.6510609017690377, 32, 3, 1.5943994758857523, 45, 21, 68.29676237164084, 43, 29, 129.62266897088085, 57, 13, 69, 1.0, 
Dustin May, 18, 7, 3.6912915154975305, 70, 8, 9.485642826344527, 58, 3, 4.082881942296959, 108, 5, 59.73716331470806, 123, 9, 29.277121457652473, 209, 49, 139, 1.0, 
Dylan Cease, 19, 0, 0.6541336793471341, 79, 4, 13.116538716801482, 71, 3, 30.71635116571835, 130, 1, 22.12785072574009, 220, 7, 6.232682755593178, 753, 179, 177, 1.0, 
Dylan Dodd, 6, 2, 2.239031548911308, 19, 6, -10.511108439938184, 8, 7, -1.6979327981132712, 31, 5, 12.087047261701429, 32, 7, 19.188845037894282, 94, 21, 40, 1.0, 
Eduardo Rodriguez, 20, 4, -2.21134327374795, 72, 0, 5.689619413883849, 51, 1, 5.656766189277097, 128, 2, 13.6904537281935, 129, 22, -91.1954091867292, 482, 111, 137, 1.0, 
Edward Cabrera, 17, 3, 0.05010963622349429, 60, 6, 25.035275129633273, 60, 10, 10.985430230635444, 98, 5, 11.646122542096208, 149, 22, -110.83818837393142, 431, 100, 137, 1.0, 
Emerson Hancock, 10, 4, -7.768165379574334, 32, 2, -2.8535746017135297, 19, 2, -2.3637991324129715, 52, 9, -50.7839143502527, 41, 4, -1.99444530438889, 260, 60, 59, 1.0, 
Emmet Sheehan, 14, 1, 4.959566410484499, 47, 2, 16.29458185351751, 44, 5, 9.674852907535056, 78, 19, -11.49238542183177, 156, 5, -0.8160901611909885, 169, 41, 132, 1.0, 
Eric Lauer, 9, 5, 14.094096718015123, 24, 0, 48.98336528722994, 18, 1, 26.07541975019847, 43, 6, 0.20244041107926591, 55, 1, 9.223166064757162, 302, 72, 57, 1.0, 
Erik Miller, 3, 7, -4.33649177763283, 18, 15, -69.57624753009009, 35, 23, -138.91898032781933, 46, 3, 55.68535254816737, 58, 1, -1.844838155973112, 164, 38, 61, 1.0, 
Eury Perez, 18, 7, 0.44821252856568883, 63, 27, 0.006329584550911704, 49, 6, -0.8600288998674293, 91, 17, -5.337327041705365, 169, 15, 2.222858852186363, 239, 58, 149, 1.0, 
Framber Valdez, 15, 9, -11.501468974682222, 68, 9, 5.170329900340214, 58, 9, -3.9506924204017793, 140, 10, 5.60505275188617, 175, 2, 2.049398463376945, 785, 191, 180, 1.0, 
Freddy Peralta, 20, 7, -3.7708085999224465, 58, 8, 28.042403069790634, 60, 15, -33.25666884533862, 106, 13, -8.323260015635448, 197, 6, 15.8388004010766, 611, 148, 168, 1.0, 
Garrett Crochet, 21, 5, -1.6535409524717855, 60, 1, 27.463428367160525, 44, 23, -33.590150620511125, 127, 7, -0.9727323708696733, 237, 33, 13.073542065576987, 563, 140, 184, 1.0, 
Garrett Whitlock, 5, 4, 17.288782663617162, 22, 5, 5.581763778238805, 20, 3, 75.14497175328077, 52, 2, 17.293473004356553, 81, 4, 14.252279232740545, 211, 51, 68, 1.0, 
Gavin Stone, 4, 1, 6.728211305858269, 14, 3, 90.09716053836041, 7, 0, 7.75080346464836, 23, 2, 14.144189386128051, 19, 1, 8.367414013637356, 157, 36, 25, 1.0, 
Gavin Williams, 19, 2, 6.832322007817162, 70, 17, -23.142147390678417, 78, 6, 8.852760159644651, 121, 12, 2.453076667930141, 172, 3, 2.115835945209819, 428, 100, 167, 1.0, 
George Kirby, 19, 0, 0.1439136833929941, 73, 4, 18.123349926038784, 34, 31, -114.09047290001956, 144, 8, -1.5486742235916537, 174, 8, 63.87816177484879, 650, 159, 173, 1.0, 
German Marquez, 22, 0, 0.37956724928055074, 92, 2, 2.5956338988504504, 48, 2, 6.477407740690275, 141, 10, -0.7649651590766808, 88, 9, 0.07612305468181546, 390, 87, 128, 1.0, 
Gerrit Cole, 14, 1, 3.8904954674051537, 43, 2, 6.4716832302034835, 34, 3, 7.740902550082237, 83, 10, 33.569888516824086, 128, 13, 6.147050697592768, 334, 84, 120, 1.0, 
Graham Ashcraft, 6, 4, 18.241454083462884, 33, 2, 73.580736668129, 23, 1, 11.672669382954489, 64, 3, 21.261037042090617, 57, 3, 7.94304265424595, 430, 98, 65, 1.0, 
Grant Holmes, 10, 0, 1.2665415362707062, 35, 0, 0.2308765835578715, 32, 8, -21.71406248832954, 63, 6, -13.415841050904639, 86, 4, -7.2109218494888925, 309, 73, 82, 1.0, 
Grayson Rodriguez, 15, 3, 0.33280528539509246, 54, 7, 4.729812280399321, 39, 4, 1.861769353091899, 102, 2, 3.152910920604661, 133, 21, 19.421028387777042, 216, 51, 124, 1.0, 
Griffin Canning, 18, 0, 5.804900970017639, 62, 2, 7.037239510626515, 52, 12, 89.66167722560448, 107, 0, 2.8798273094037774, 118, 9, 30.245034483175644, 496, 116, 131, 1.0, 
Gunnar Hoglund, 13, 9, 8.490689274557127, 31, 8, 7.685056388129496, 16, 7, 5.231416758043906, 39, 3, 1.5938487256759224, 34, 9, 8.523584428827363, 69, 16, 46, 1.0, 
Hayden Birdsong, 8, 2, -4.413335199910678, 30, 5, -12.106335239924903, 32, 5, -2.8541519599202942, 42, 1, 137.99152675010683, 64, 2, 19.539269666168025, 245, 54, 57, 1.0, 
Hayden Wesneski, 4, 2, -44.673915078217334, 11, 2, 15.305178652969033, 6, 2, -8.287591351480188, 17, 2, 62.5459119456069, 24, 0, 54.623876100781466, 231, 55, 25, 1.0, 
Hogan Harris, 6, 3, -7.287012316582906, 27, 4, 95.50299754994882, 32, 3, 55.993220751242816, 52, 6, -29.74563521144931, 63, 2, 23.1051708521594, 268, 61, 67, 1.0, 
Hunter Brown, 19, 0, 2.2668260822448114, 64, 9, -2.7525549213732887, 58, 2, 12.53852927903915, 130, 10, 1.524278216758546, 198, 2, 66.01559290078194, 652, 158, 180, 1.0, 
Hunter Dobbins, 10, 4, 0.5574987006773711, 45, 7, 1.458858580729622, 27, 3, 0.2987562523495111, 88, 8, 1.7708573725646914, 71, 0, 0.0005144796401272212, 128, 30, 96, 1.0, 
Hunter Gaddis, 7, 0, 14.957831088340903, 21, 3, 48.74691175470855, 19, 2, 30.07368446698129, 47, 0, 83.9279802707932, 66, 9, -55.0005470401026, 227, 56, 68, 1.0, 
Hunter Greene, 22, 6, 5.0355136628747665, 62, 2, 3.025972555167824, 57, 6, 41.92992191312564, 110, 25, -57.18324994941355, 217, 1, 28.108420786647716, 515, 123, 178, 1.0, 
Hurston Waldrep, 9, 12, 1.736782536606217, 47, 18, 3.849111972554887, 52, 19, 4.415480790805255, 107, 13, 1.9826111654982341, 138, 0, 0.0029947449032323922, 114, 28, 141, 1.0, 
J.T. Ginn, 14, 3, 7.018005721917305, 47, 1, 6.260646997462178, 29, 6, -10.598139212313072, 79, 11, -8.471014777308994, 89, 8, -4.401611207379787, 213, 49, 89, 1.0, 
JP Sears, 23, 8, -14.63291356099164, 67, 5, 37.04017004953795, 38, 19, -15.765911423527939, 105, 3, 7.259543167703771, 108, 0, 6.287971407985081, 591, 139, 130, 1.0, 
JT Brubaker, 1, 7, 3.9346295224717096, 21, 1, 3.2460215775633, 20, 7, 11.73575230005764, 41, 2, 0.0804851301314109, 40, 1, 3.14761851162942, 217, 49, 50, 1.0, 
Jack Flaherty, 21, 4, 8.16018367053635, 75, 1, 15.390261010917412, 59, 14, 46.79788819415349, 126, 2, 6.852204830840388, 187, 17, 22.201229711994714, 536, 125, 162, 1.0, 
Jack Kochanowicz, 6, 0, 3.3557078760890606, 24, 0, 21.714458509484995, 14, 1, 185.49879997801776, 38, 2, -6.7155231444113355, 22, 9, 56.61341832973096, 311, 70, 37, 1.0, 
Jack Leiter, 23, 0, 0.1912287552312894, 99, 9, 42.87338020552127, 75, 22, -40.49645716128293, 132, 2, 15.361829300830776, 150, 14, -16.359762657883763, 327, 74, 157, 1.0, 
Jacob Latz, 12, 2, 3.9641434072728465, 43, 0, 2.8577272564925558, 58, 22, -61.92572636456396, 87, 21, -57.738881836500866, 111, 14, -22.146276696925156, 216, 51, 121, 1.0, 
Jacob Lopez, 20, 8, 0.9576324589844809, 60, 8, 0.9663167055565385, 54, 14, 2.839392333190439, 95, 12, 2.0123874272274485, 162, 16, 3.706403776262384, 199, 46, 130, 1.0, 
Jacob Misiorowski, 16, 0, 0.0027354621634548305, 68, 3, 0.10778228166353476, 66, 1, 0.024848176545440692, 94, 26, 8.15096365046314, 184, 1, 0.020284913635155832, 136, 33, 140, 1.0, 
Jacob deGrom, 21, 7, 3.124044071449948, 54, 5, -0.18582729435584078, 37, 36, 31.54821437870342, 94, 6, 4.029711641152808, 200, 29, -27.115762898842306, 238, 62, 170, 1.0, 
Jake Irvin, 18, 8, -10.278199520698351, 57, 13, -7.456877685760816, 35, 1, 11.516424397855882, 87, 7, -0.7776876769406087, 79, 0, 35.64935275886345, 646, 151, 104, 1.0, 
Jakob Junis, 6, 1, 5.822891677879949, 22, 2, 1.0468234022084602, 15, 8, -27.780378908635242, 50, 7, -31.019263842707062, 54, 0, 209.08873455644527, 343, 82, 63, 1.0, 
Jalen Beeks, 5, 1, -0.9738945673120032, 24, 1, 12.321021104452955, 19, 4, -31.632813151779985, 41, 4, 55.46986438122313, 45, 4, -17.585668472666974, 246, 57, 52, 1.0, 
Jameson Taillon, 24, 11, -15.963843787438115, 66, 5, 23.87429642659818, 37, 23, -87.83180745852704, 120, 9, 41.908589244139414, 126, 0, 16.289891941579384, 644, 156, 161, 1.0, 
Janson Junk, 7, 8, 1.7400421832308801, 43, 6, 1.2202701223781887, 14, 25, 17.065522913461024, 87, 2, 0.12407904906626199, 65, 5, 0.6713332151649656, 223, 55, 91, 1.0, 
Jared Jones, 12, 4, 2.140571465877895, 41, 7, 4.692140393009866, 28, 3, 0.9278145750012177, 67, 11, 12.096111148442251, 97, 14, 18.624019542721463, 151, 36, 91, 1.0, 
Jared Koenig, 5, 3, -4.649499324501615, 22, 8, -2.293709824127859, 21, 3, 4.997954018944803, 53, 2, -2.043951472409333, 65, 2, 33.396048592536715, 205, 48, 66, 1.0, 
Jason Alexander, 10, 0, 0.26661759213138536, 30, 5, 1.3740797373789704, 19, 7, 7.3135239665802345, 47, 1, 1.9561236097407506, 44, 0, 2.8102084276123485, 187, 42, 54, 1.0, 
Javier Assad, 6, 1, 6.050404008199715, 25, 0, 8.699047752830186, 23, 6, 2.7351852544380932, 51, 3, -0.4146901464740047, 47, 2, 145.0878846126307, 351, 82, 63, 1.0, 
Jeffrey Springs, 24, 10, -9.400825301316182, 67, 4, 29.81541908023323, 52, 2, 9.030137068656947, 130, 0, 31.89617204196864, 154, 16, 25.08918590798862, 407, 98, 167, 1.0, 
Jesse Scholtens, 5, 2, 2.418887469989154, 18, 3, 6.841415793653549, 11, 2, 3.002871496111201, 32, 1, 1.8218649246879977, 22, 2, 3.57810882115896, 49, 11, 32, 1.0, 
Jesus Luzardo, 19, 4, 3.010069961079574, 78, 15, 13.639899944950926, 56, 8, 26.532515898252743, 134, 19, 41.80948253923489, 188, 0, 5.1206840838604855, 543, 131, 173, 1.0, 
Joe Boyle, 10, 2, -0.008334387224283368, 56, 19, -29.365156136439083, 62, 21, 215.1016804172, 73, 4, -4.334475578885687, 113, 0, 99.38337554932016, 180, 39, 99, 1.0, 
Joe Musgrove, 18, 3, 1.7912402288318325, 60, 3, 14.465763296842086, 36, 15, 2.747542935519647, 121, 2, 5.415487069784338, 152, 6, 0.8733606257211903, 258, 62, 151, 1.0, 
Joe Ross, 6, 0, 3.8691943009628837, 23, 2, -2.1177164676000686, 16, 4, -15.770853053111757, 42, 1, 7.529140109977181, 37, 1, 31.233896463133355, 219, 50, 45, 1.0, 
Joe Ryan, 25, 14, -23.905233375036836, 69, 21, -47.27936430526562, 41, 25, -70.8096406648807, 120, 1, 16.257147967792122, 203, 13, 8.35931930599314, 625, 153, 179, 1.0, 
Joey Cantillo, 16, 3, 1.0662895298066237, 56, 7, -6.739556905945669, 54, 10, 94.75452745260841, 96, 3, 7.345464783114271, 154, 18, -17.138233714653367, 225, 53, 132, 1.0, 
Joey Estes, 4, 2, 3.9634820637416066, 15, 1, 3.3508079174020065, 6, 3, 13.62721759156982, 25, 5, 23.761941317448095, 20, 0, 0.2969683226444585, 162, 38, 28, 1.0, 
Joey Lucchesi, 4, 1, 0.17225354793506997, 19, 0, 11.379959019762119, 15, 1, 3.248188292580494, 39, 3, 0.42816764655606576, 37, 2, 17.35520242265489, 113, 26, 47, 1.0, 
Joey Wentz, 7, 1, 4.930493020484199, 32, 1, 40.837816551908155, 24, 2, 48.98448230812407, 51, 0, 61.20558777103004, 53, 5, 10.952756198711143, 343, 75, 54, 1.0, 
Johan Oviedo, 13, 0, 13.126521313112573, 42, 8, -2.3587134766760087, 52, 6, 0.09630263964576002, 60, 19, 1.6319699472337845, 100, 2, 1.6060880695256219, 278, 63, 99, 1.0, 
Jon Gray, 11, 0, 3.634486568846118, 44, 1, 5.070379419857033, 27, 0, 6.407894404935148, 81, 4, 8.68636547166577, 82, 7, 39.23909385082183, 269, 64, 93, 1.0, 
Jonathan Cannon, 18, 1, 0.020416108605079142, 65, 5, 7.0944739270327055, 40, 6, 13.494406052309, 101, 6, 106.86133591331262, 89, 1, -0.20446147314220697, 395, 90, 112, 1.0, 
Jordan Hicks, 6, 7, -66.87074398462788, 36, 8, -48.18886521320047, 28, 4, 8.311445074397191, 56, 3, 3.508742783343493, 55, 3, 16.3275601178427, 335, 75, 58, 1.0, 
Jordan Montgomery, 10, 4, 4.137871797462712, 49, 4, 1.3232525151296155, 28, 3, 6.117323936612707, 87, 5, 7.5466792362157715, 68, 5, 14.556149189426097, 338, 80, 86, 1.0, 
Jordan Wicks, 7, 3, 4.071320739235526, 24, 4, 8.281930489997354, 17, 1, 1.417801811767081, 41, 2, 2.0009291740721293, 38, 8, 26.522795095432123, 77, 17, 44, 1.0, 
Jose Berrios, 18, 7, -15.04368239589014, 54, 8, -6.139341263502061, 38, 0, 9.946932019321949, 99, 0, 22.027974765610814, 104, 10, -17.510843726191354, 754, 179, 125, 1.0, 
Jose Butto, 5, 8, -43.95247039598421, 26, 14, -144.56706192057098, 32, 1, 5.083234947161138, 47, 3, 148.11992881868656, 61, 0, 32.37977483222381, 234, 56, 65, 1.0, 
Jose Quintana, 15, 0, 14.121619096123439, 55, 2, 38.20968432660574, 47, 10, -20.078159168529126, 106, 0, 13.476422606479172, 99, 3, 47.94419334928051, 567, 135, 133, 1.0, 
Jose Soriano, 15, 19, -32.78373505100156, 76, 20, -25.66047306512273, 75, 12, -5.119758841270453, 135, 0, 32.691843600460835, 158, 16, -23.89204708100327, 426, 100, 169, 1.0, 
Jose Urquidy, 18, 2, 2.9927513865254483, 58, 2, 1.7837469751856758, 38, 9, 5.882063561644625, 90, 3, 2.4203756075350125, 83, 10, 27.185573717389616, 95, 22, 110, 1.0, 
Josiah Gray, 20, 3, 17.638299375300562, 56, 10, 48.082046373468835, 55, 1, 12.038823965351304, 87, 0, 0.19713771769898863, 107, 6, 3.1857131838323323, 134, 30, 114, 1.0, 
Julian Aguiar, 8, 3, 9.366949507510427, 22, 5, 20.966746880129165, 13, 3, 6.033113123423441, 24, 5, 20.179168409569716, 22, 12, 93.62993035851355, 42, 9, 33, 1.0, 
Justin Steele, 7, 3, 0.7667128655944557, 28, 7, 2.1973259107607426, 22, 2, 25.34883929222893, 62, 2, 29.05800700189329, 79, 3, 2.4970806125339546, 297, 71, 78, 1.0, 
Justin Verlander, 16, 0, 6.163134370681793, 61, 4, 39.17101471482481, 41, 1, 25.194188158885137, 117, 6, 55.71478930222827, 120, 4, 81.61291981353112, 598, 144, 135, 1.0, 
Justin Wrobleski, 7, 0, 28.687275721482834, 28, 2, 27.42398217787938, 18, 7, 8.460759024705766, 43, 6, -28.440289237626118, 51, 0, 102.18614105856473, 173, 40, 52, 1.0, 
Kai-Wei Teng, 2, 2, 1.265682697197521, 21, 10, 24.05685335860602, 17, 5, 5.5442189801268, 28, 6, 10.529141997886654, 42, 1, 0.2827872537931415, 69, 14, 31, 1.0, 
Keaton Winn, 4, 0, 2.2217581541737954, 18, 7, 43.50724943664355, 8, 3, 11.294620243631975, 21, 0, 11.010399602124448, 22, 1, 4.395335094275272, 88, 20, 26, 1.0, 
Keegan Thompson, 3, 1, 3.836966338908057, 13, 3, 67.28765778031612, 20, 4, 10.112090360206047, 21, 5, 20.608316805464483, 38, 3, 96.7885552291619, 122, 28, 35, 1.0, 
Keider Montero, 15, 4, -2.5876495467244442, 43, 5, -3.917324798993416, 29, 2, 63.60925941717022, 74, 6, 9.53309179366407, 67, 1, 34.18568577455425, 320, 75, 85, 1.0, 
Kevin Gausman, 19, 1, 0.36090913507945, 72, 0, 3.8762870204514805, 50, 7, 9.316526429850295, 139, 9, 102.56841896388552, 184, 0, 73.07992974826452, 754, 183, 182, 1.0, 
Kodai Senga, 12, 2, 0.2930116848731579, 40, 14, 8.1971062002035, 55, 1, 50.87877032774166, 81, 6, 3.800239635768442, 118, 8, 7.9121499688110575, 370, 87, 115, 1.0, 
Konnor Pilkington, 12, 8, 27.616438843482214, 28, 2, 34.79305543446181, 34, 6, -0.9289642030879293, 35, 11, 9.008056779339611, 67, 14, 11.710334219755765, 108, 24, 59, 1.0, 
Kris Bubic, 10, 10, -13.637418048164548, 47, 18, -26.88921005163722, 41, 4, 87.88508376811755, 114, 6, 44.48897536413597, 152, 11, 3.8540898689840546, 343, 79, 141, 1.0, 
Kumar Rocker, 19, 1, 0.04444732056885692, 72, 8, 1.1134047005671874, 43, 14, 3.7129243405105896, 104, 20, 7.217002581088664, 99, 4, 0.3473898121449901, 143, 32, 115, 1.0, 
Kutter Crawford, 12, 6, 5.489538245965473, 38, 7, 3.6503514060494098, 23, 2, 0.21999279082732048, 58, 15, 14.197981218870936, 78, 1, 12.252597687352113, 270, 64, 79, 1.0, 
Kyle Bradish, 12, 3, 2.7974957660526423, 46, 0, 3.199764976461452, 51, 17, -46.41803699897696, 94, 20, -84.36710827424957, 197, 2, 38.915487243776994, 367, 89, 148, 1.0, 
Kyle Freeland, 27, 7, 4.247209594485772, 98, 12, -18.493391908129055, 45, 16, -32.101529804687736, 180, 17, -33.33817570309653, 131, 0, 32.946604295366456, 660, 151, 178, 1.0, 
Kyle Harrison, 6, 1, 24.534910611548668, 22, 0, 138.21058250706594, 17, 1, 2.592746691326276, 39, 1, 37.13518265816478, 48, 0, 12.240805374098596, 258, 59, 47, 1.0, 
Kyle Hart, 13, 2, 0.39815454625656344, 41, 5, 1.7235236561567007, 21, 13, 10.165958292785419, 45, 13, 9.960713709680817, 55, 1, 0.08719465233877421, 89, 21, 64, 1.0, 
Kyle Wright, 13, 3, 1.2705095031943028, 57, 9, 8.99111967404442, 41, 3, 1.3633155680868594, 88, 0, 4.515039467741039, 92, 11, 25.725915973317512, 89, 21, 89, 1.0, 
Lance McCullers Jr., 19, 2, 0.4326762791098895, 77, 23, -4.059951439987003, 73, 16, 24.6427305046398, 102, 23, 19.79248415595768, 119, 22, 5.727378006794169, 133, 29, 111, 1.0, 
Landen Roupp, 11, 9, -5.240234918327911, 53, 18, -27.5183527533234, 56, 1, 2.9834763190832456, 110, 10, 30.9147606475912, 119, 18, -45.96714607733952, 277, 62, 123, 1.0, 
Landon Knack, 5, 3, -49.16510113202881, 11, 3, -46.71880004309267, 9, 2, -14.05861865238358, 17, 1, -6.881229948845746, 25, 0, 16.033173821906857, 188, 44, 25, 1.0, 
Logan Allen, 13, 2, 0.08450115443419381, 59, 1, 39.86031230299427, 43, 14, -47.68360309331864, 110, 0, 60.37266893223801, 92, 4, 3.337379973807426, 415, 95, 117, 1.0, 
Logan Evans, 8, 2, 0.4051178836512328, 27, 2, 0.5175321696506376, 20, 6, 3.1188700612297353, 49, 9, 6.081421462870779, 41, 0, 0.04214165552524374, 175, 40, 56, 1.0, 
Logan Gilbert, 22, 8, -6.499943306479118, 61, 10, -6.395832150046928, 38, 22, -73.01688774842887, 108, 6, -1.4497076832504163, 191, 23, -56.152841362801894, 718, 178, 166, 1.0, 
Logan Webb, 15, 15, -23.78419321782946, 74, 21, -42.56204834702548, 46, 23, -53.35459168485826, 178, 20, 14.82665763087725, 187, 22, -12.414820961745875, 833, 204, 196, 1.0, 
Lucas Giolito, 20, 4, 10.915330952720804, 65, 2, 15.931148111796166, 58, 6, 58.056075612200814, 120, 1, 2.651558558710751, 138, 16, -11.3620997344468, 491, 114, 154, 1.0, 
Luis Castillo, 22, 5, -2.36449457529858, 69, 0, 4.882552604906123, 48, 9, -11.039952570907381, 137, 4, 3.9346960087563083, 174, 14, -3.343669619464798, 720, 175, 178, 1.0, 
Luis Garcia, 4, 3, 0.16564789804181146, 24, 0, 10.549837066153176, 20, 6, 57.46131179743031, 50, 5, 71.47822814481471, 51, 1, 218.5226447605238, 215, 50, 55, 1.0, 
Luis Gil, 10, 2, -0.48996781083411634, 37, 5, -3.414395660166198, 51, 23, 81.65150214630131, 67, 9, -7.596099605196201, 85, 1, 42.342845865420955, 352, 83, 98, 1.0, 
Luis Medina, 13, 11, 6.70113924196923, 62, 1, 1.039572696603824, 52, 9, 4.726659253438301, 98, 20, 30.237874082887473, 90, 0, 32.38700527983579, 145, 32, 106, 1.0, 
Luis Morales, 17, 9, 1.3983510786777718, 39, 7, 0.9947448739422224, 40, 13, 3.0053342663604, 70, 5, 0.4400142779337184, 103, 10, 1.745141189657435, 99, 24, 114, 1.0, 
Luis Severino, 22, 0, 19.557595967002005, 88, 2, 2.4244068895246476, 56, 2, 1.5959226468513332, 153, 14, -26.026633378116593, 148, 0, 96.39131204333795, 572, 133, 176, 1.0, 
Luke Weaver, 9, 3, 29.758386034104753, 30, 3, 33.00141128242457, 22, 2, 33.393358810802916, 47, 9, 114.31490746521621, 77, 0, 94.91690034547928, 332, 76, 69, 1.0, 
MacKenzie Gore, 20, 0, 16.596542306816854, 78, 10, 25.389556912483357, 70, 13, -13.476478991601716, 142, 11, 13.577293641713602, 190, 14, 74.9062417759158, 575, 132, 167, 1.0, 
Marcus Stroman, 17, 3, -1.875212893396311, 73, 4, 0.9136265004696469, 48, 8, -3.1429645548202814, 120, 11, 6.945889041383651, 92, 5, 19.3994049271991, 498, 116, 126, 1.0, 
Martin Perez, 15, 0, 7.305079912716423, 54, 1, 3.0667411532682562, 44, 12, -44.211603471194024, 97, 16, 13.217238130022963, 95, 5, 17.786214913982636, 561, 132, 124, 1.0, 
Mason Black, 8, 1, 0.5754339591905775, 31, 0, 0.06928690123010794, 17, 2, 1.5664765135370204, 47, 0, 0.26162654187673656, 36, 9, 35.56807463142797, 50, 10, 43, 1.0, 
Mason Miller, 5, 1, 4.291584948307401, 20, 0, 0.681933139335519, 28, 2, 38.22902367046852, 31, 11, -68.23195731030822, 103, 21, -337.3653797739262, 192, 49, 67, 1.0, 
Matt Strahm, 5, 1, 2.4184013932635686, 19, 3, 42.37034056542456, 18, 3, 46.177372850848975, 42, 4, 55.85332903478906, 78, 0, 51.399521255911104, 259, 63, 66, 1.0, 
Matt Waldron, 5, 2, 8.880101096340018, 18, 6, 19.479771154515305, 10, 1, 0.6071153226838453, 29, 0, 7.471273794986102, 32, 2, 8.364699714114673, 171, 40, 36, 1.0, 
Matthew Boyd, 18, 0, 1.2262540372638628, 61, 4, 6.8379825851973495, 47, 9, 8.403900541488724, 122, 4, 34.79788368485927, 158, 10, 29.459244781694395, 367, 89, 162, 1.0, 
Matthew Liberatore, 18, 1, 4.723983753225461, 74, 1, 44.944246602399225, 47, 2, 43.22627172667146, 135, 3, 6.804856638829092, 121, 3, 71.49559056547703, 360, 83, 148, 1.0, 
Max Fried, 15, 10, -14.170693156881963, 62, 23, -63.99775778500245, 51, 7, 15.457830694378838, 144, 10, -11.10670971903151, 179, 3, 8.433063980452829, 639, 157, 184, 1.0, 
Max Meyer, 26, 11, -14.726405326267852, 76, 0, 9.52887588548993, 45, 19, -42.492115716931835, 120, 0, 5.6338064525048175, 129, 3, 1.3748934849224836, 213, 48, 133, 1.0, 
Max Scherzer, 20, 14, -50.5419292088976, 56, 18, -35.774102295190175, 31, 8, -7.797658420186785, 91, 4, -3.465188099934707, 119, 5, -5.9677503532132015, 430, 106, 119, 1.0, 
McCade Brown, 18, 5, 0.9520783612699866, 68, 3, 0.32872958499052674, 53, 11, 4.23615277949969, 80, 17, 9.555873564881637, 75, 5, 0.8700402458564831, 63, 12, 82, 1.0, 
Merrill Kelly, 22, 4, -1.4504678737538672, 71, 3, 15.259061453427304, 50, 6, 15.921797798056165, 132, 12, -1.4018733869048958, 162, 8, 89.22643368098225, 643, 158, 177, 1.0, 
Michael King, 20, 5, 7.0172306166496785, 58, 4, 1.2017864785572652, 57, 11, -13.988008249805503, 119, 9, 90.12776141709051, 186, 7, 13.838767965364166, 416, 100, 167, 1.0, 
Michael Kopech, 6, 3, 7.497468111437904, 19, 6, 28.75706234317316, 24, 5, 32.31227046470622, 25, 1, 4.395302091525322, 53, 6, 24.991907278066336, 227, 52, 44, 1.0, 
Michael Lorenzen, 21, 7, 4.691994836550101, 66, 10, 41.53107916403851, 49, 7, 59.991315307556434, 115, 2, 92.46471127570136, 122, 10, -5.76340061368407, 544, 130, 146, 1.0, 
Michael McGreevy, 18, 1, 0.016457486285633927, 73, 4, 0.18777438425899007, 33, 20, 4.320872751998266, 138, 8, 0.6775218520105089, 94, 28, 8.100464362382766, 200, 47, 148, 1.0, 
Michael Soroka, 21, 7, -4.53277350619933, 71, 19, -74.02921814959828, 54, 2, 11.687248274462105, 96, 15, 14.012407387165268, 139, 12, -23.310847374687526, 270, 62, 136, 1.0, 
Michael Wacha, 17, 3, 0.4722149755268408, 67, 0, 18.04786224254984, 46, 8, -4.5615207872083126, 138, 10, 38.08628511878044, 137, 12, 2.2089966110549, 617, 149, 168, 1.0, 
Mick Abel, 19, 10, 2.5113607191918383, 67, 20, 9.426419657913726, 41, 1, 0.04866822805308024, 91, 9, 1.8432458230555788, 102, 9, 2.0425828533176436, 87, 19, 101, 1.0, 
Mike Burrows, 17, 4, 0.2621861878476097, 57, 5, 0.4134529088665042, 42, 4, 0.30805050677764534, 104, 6, 0.4628314517066352, 132, 5, 0.3791938919623563, 201, 48, 132, 1.0, 
Mike Clevinger, 5, 1, 2.5460022263924387, 19, 3, 6.006273597947611, 13, 0, 0.032110791885165926, 34, 0, 3.7793865461143743, 35, 4, 7.831458944322744, 103, 24, 44, 1.0, 
Miles Mikolas, 22, 7, -5.480859899786587, 75, 8, -2.3910440584161243, 31, 21, -88.62509070315491, 130, 5, 16.40667362570855, 96, 13, -24.421133601394956, 763, 182, 140, 1.0, 
Mitch Keller, 21, 1, 2.3992613326914656, 80, 15, -16.955050651124267, 52, 3, 5.415573762815484, 150, 16, -29.329844680429133, 158, 14, 28.2105049645277, 758, 176, 176, 1.0, 
Mitch Spence, 6, 2, 1.468348989992272, 21, 2, 2.9867580528259943, 12, 0, 0.7062358491779902, 37, 0, -0.05409119412176522, 31, 3, -14.250015583447016, 410, 94, 39, 1.0, 
Mitchell Parker, 10, 1, -0.644439196344456, 43, 11, -40.43167697120269, 25, 3, 6.034448648773338, 72, 1, 31.15489351214506, 58, 12, -52.216769754922524, 548, 126, 78, 1.0, 
Nathan Eovaldi, 18, 1, 14.44012411161085, 53, 13, 20.53779651434737, 38, 22, -37.17559590925791, 115, 5, 35.224811706766104, 164, 1, 17.694744872233333, 557, 138, 169, 1.0, 
Nick Lodolo, 21, 7, 16.906458981835133, 68, 6, 84.14747464075822, 40, 14, -1.6691476917355175, 121, 5, 99.80900573364016, 160, 15, 74.86143844322942, 435, 102, 149, 1.0, 
Nick Martinez, 17, 0, 4.551273025749493, 61, 7, 52.00644520860028, 36, 14, 51.254289584705845, 117, 6, 3.3126096580956386, 115, 4, 30.56264624195218, 540, 130, 146, 1.0, 
Nick Pivetta, 25, 11, -1.687766000064606, 67, 18, -8.063449404849948, 51, 4, 24.179002514110934, 114, 0, 6.811648172010557, 196, 15, -3.909141542199677, 669, 161, 178, 1.0, 
Noah Cameron, 18, 3, 0.14955109289507784, 47, 5, 0.31308999335572274, 44, 3, 0.12062660892128374, 93, 14, 2.1882284154949545, 123, 27, 7.890314192167423, 278, 69, 145, 1.0, 
Nolan McLean, 13, 3, 0.13690579123487834, 37, 21, 4.454585104759779, 49, 5, 0.26278533617660127, 95, 10, 1.132685997824158, 178, 1, 0.010438316215176671, 94, 24, 150, 1.0, 
Pablo Lopez, 18, 1, 9.87186486171263, 65, 6, 67.64838184615527, 45, 12, -16.507109222673698, 137, 0, 33.48887900685691, 178, 5, 19.503314218530505, 655, 158, 173, 1.0, 
Parker Messick, 12, 1, 0.05443489778777155, 40, 19, 5.248399071771949, 22, 26, 10.486017471286658, 126, 48, 33.63989017642274, 120, 2, 0.09028587082919803, 82, 19, 123, 1.0, 
Patrick Corbin, 19, 2, 1.485635075789363, 75, 5, 38.098829300561206, 43, 2, 4.497851388131458, 133, 1, 59.90563939625975, 108, 15, -24.063744249141976, 732, 165, 136, 1.0, 
Patrick Sandoval, 7, 6, 6.099476452224607, 38, 4, 27.200375876679438, 33, 6, 4.850439915713235, 70, 5, 11.26374060732011, 74, 1, 9.495697788211235, 273, 61, 75, 1.0, 
Paul Blackburn, 9, 0, 6.7478651178473985, 38, 1, 12.79616151239086, 20, 4, -7.986088706978009, 63, 3, 33.283855056759045, 54, 8, -11.619816205131485, 355, 82, 64, 1.0, 
Paul Skenes, 13, 9, -5.011627185899988, 45, 29, -50.75766290115175, 46, 22, -28.794811153174805, 124, 5, 1.4303076584284575, 226, 2, 35.18373169270974, 498, 128, 189, 1.0, 
Pedro Avila, 3, 1, 3.6445962594620154, 13, 0, 11.6421585085745, 15, 4, 42.30175599316425, 26, 1, 23.107255254813488, 34, 1, 1.6686565067806498, 123, 28, 34, 1.0, 
Quinn Priester, 23, 2, 4.3684697858621115, 80, 2, 29.688252814843402, 55, 5, 32.233540006075216, 146, 1, 58.49909467740033, 126, 6, 46.25579014219321, 343, 79, 165, 1.0, 
Randy Vasquez, 17, 0, -0.03253685430007214, 63, 2, 31.63672287407186, 51, 7, 21.348652399692753, 123, 13, -8.990108838367249, 95, 31, -162.62776626734524, 361, 83, 141, 1.0, 
Ranger Suarez, 16, 5, -5.146685315644229, 66, 11, -11.033956534179218, 48, 8, 0.6410448896088781, 147, 12, -7.032819106086087, 162, 6, 14.040211142107784, 619, 146, 169, 1.0, 
Reese Olson, 11, 6, -2.996606239920304, 51, 6, 4.697188521707268, 44, 7, 0.4284018654450996, 105, 6, 20.143502597348228, 127, 8, -1.1602216811963082, 363, 87, 134, 1.0, 
Reid Detmers, 18, 1, 21.482850085193878, 74, 4, 147.65814150475782, 56, 5, 33.843017502394396, 117, 2, 46.23037466592955, 168, 8, 115.48105938767333, 460, 106, 138, 1.0, 
Reynaldo Lopez, 10, 5, 5.982902525723787, 36, 20, 7.479277776646896, 42, 1, 16.281299601420187, 87, 2, 43.3933211357387, 139, 13, 8.385349832940832, 179, 44, 123, 1.0, 
Rhett Lowder, 1, 13, 22.079161182140425, 14, 30, 110.84008299878798, 34, 18, 38.83296414943127, 64, 6, 4.664337106399636, 58, 3, 1.4310469107576296, 38, 9, 79, 1.0, 
Richard Fitts, 24, 9, 2.0044712629311654, 58, 5, 0.676150161668823, 38, 13, 3.9986837177423737, 76, 16, 5.4598759595600015, 91, 6, 0.8649948611189462, 97, 22, 104, 1.0, 
Robbie Ray, 24, 10, 19.066472623923556, 74, 17, 144.9006757613409, 75, 13, 82.56870975874978, 105, 3, 18.11225056813538, 200, 3, 1.844172152811796, 481, 116, 171, 1.0, 
Roddery Munoz, 14, 10, 30.17068712453686, 34, 10, 31.203893022428645, 24, 4, 7.151676566546943, 38, 3, 4.011526719192578, 42, 0, 0.03104892937311851, 113, 24, 49, 1.0, 
Roki Sasaki, 20, 2, 0.1098662724968189, 62, 16, 4.3843700458624895, 69, 29, 13.466157735395143, 83, 27, 11.359720418144406, 95, 12, 2.5581199731913458, 80, 18, 120, 1.0, 
Ryan Bergert, 7, 1, 0.17610411532245718, 26, 3, 0.65759513936072, 30, 7, 2.725539651418586, 45, 1, 0.19194127827707597, 63, 7, 2.6827349099382722, 161, 38, 65, 1.0, 
Ryan Feltner, 14, 3, 24.124290206725966, 61, 3, 67.92521380868004, 44, 9, 0.1428697690000007, 106, 4, 19.045641979124184, 93, 12, -9.317584240745148, 364, 83, 112, 1.0, 
Ryan Gusto, 10, 3, 0.5703603907051003, 38, 7, 3.0019992135537024, 22, 4, 0.9941189733117657, 60, 0, 3.5830914752057455e-05, 61, 9, 5.550818047288921, 226, 50, 63, 1.0, 
Ryan Pepiot, 23, 10, -16.118902506434925, 63, 17, 9.867339405876834, 59, 11, 87.03971504412148, 104, 0, 53.02410199105979, 172, 0, 68.3158941591059, 384, 93, 168, 1.0, 
Ryan Walker, 5, 3, -5.834152647285187, 23, 2, 75.38221312239061, 19, 3, 5.143131474781562, 50, 3, 102.85441368057572, 71, 0, 7.884897461071994, 259, 62, 64, 1.0, 
Ryan Weathers, 20, 9, -11.035044984047516, 58, 3, 0.6650532844682324, 40, 3, 19.316943634653953, 102, 7, -2.6644016197938747, 116, 3, 7.811456652410139, 244, 56, 125, 1.0, 
Ryan Yarbrough, 10, 4, 0.4708066201099044, 28, 3, 31.856597765489308, 18, 2, 24.919566550524387, 48, 9, -49.336476575863486, 50, 2, 83.05020986745807, 348, 82, 65, 1.0, 
Ryne Nelson, 19, 0, 3.0726336158414873, 71, 2, 14.78751381959201, 43, 11, -7.460805305065193, 132, 14, -23.35081265533342, 131, 18, -7.48199511192135, 579, 138, 162, 1.0, 
Sandy Alcantara, 22, 11, -0.14975640416804126, 94, 2, 9.063065521438393, 57, 26, -18.580923405399616, 142, 6, 7.764612688769407, 146, 4, 11.29274441253396, 558, 136, 177, 1.0, 
Scott Alexander, 2, 2, 6.25703113815813, 12, 3, 19.011541383517653, 10, 1, 28.746245069857075, 27, 0, 37.113676346733364, 24, 0, 23.707951654091747, 79, 18, 32, 1.0, 
Sean Burke, 23, 10, 1.1298834529991684, 68, 5, 0.34046577248428367, 71, 14, 2.0458585932359554, 114, 28, 8.239554733849516, 147, 9, 0.8306013425302687, 298, 67, 147, 1.0, 
Sean Manaea, 22, 9, -5.653765421296548, 71, 17, -66.9858808833833, 39, 15, 134.07452432039753, 105, 14, 25.360641883438518, 153, 25, -113.21857460166038, 542, 129, 137, 1.0, 
Seth Lugo, 22, 6, 17.182624738121284, 65, 2, 47.940629960378764, 49, 1, 48.37261065213922, 123, 8, -6.124940729066328, 142, 5, 101.01651695017293, 580, 140, 160, 1.0, 
Shane Baz, 23, 4, 0.24713596757007394, 77, 1, 4.824536140840862, 59, 0, 12.812450097523682, 122, 24, 9.597391567530678, 164, 6, 13.449008499651615, 332, 78, 163, 1.0, 
Shane Bieber, 22, 12, 8.7616807417958, 52, 12, 16.88453210915818, 29, 22, -20.336443135013482, 95, 10, 2.853870203519577, 126, 1, 14.433289224447602, 346, 85, 138, 1.0, 
Shane McClanahan, 16, 3, 0.44065979637103087, 46, 8, 2.805458203309054, 41, 1, 11.069496547822093, 91, 21, 17.984467782059923, 145, 7, 6.943862240055068, 111, 28, 134, 1.0, 
Shane Smith, 19, 1, 0.028484101797475625, 69, 4, 0.18584240541943142, 68, 33, 9.341242358523672, 110, 1, 0.029023703998642902, 162, 9, 0.8034024195184415, 308, 73, 162, 1.0, 
Shawn Armstrong, 5, 4, -20.615820721423553, 24, 5, -6.452441783867329, 21, 4, -4.363269454556782, 49, 1, 135.07396662403934, 69, 1, 37.1230568088079, 263, 63, 69, 1.0, 
Shohei Ohtani, 9, 3, 8.093368006652, 35, 0, 8.76665764246819, 28, 15, -3.427641254419541, 78, 12, 19.638445351021133, 142, 12, 96.58596568558872, 321, 80, 110, 1.0, 
Shota Imanaga, 27, 18, -21.33466223638925, 56, 17, -5.069728188758987, 30, 28, -68.23219286356775, 97, 10, 17.936338229059462, 138, 15, 65.48267097714084, 504, 126, 154, 1.0, 
Simeon Woods Richardson, 16, 3, -0.9806934249595045, 54, 4, 2.8911286282665802, 48, 9, 63.937511056265656, 90, 4, -0.8698160729651878, 114, 14, -28.60696287668172, 416, 97, 120, 1.0, 
Slade Cecconi, 26, 10, -14.376925431267743, 82, 10, 6.003652351799168, 36, 24, -74.48208975757407, 128, 12, 2.9004265366656696, 119, 16, -30.482034119133417, 308, 73, 149, 1.0, 
Sonny Gray, 21, 2, 12.162684698626496, 75, 12, 35.650291689605005, 44, 17, -30.102737745795338, 144, 13, -1.7447151432764585, 198, 20, -21.343909168541387, 666, 162, 179, 1.0, 
Spencer Arrighetti, 13, 0, 2.9330841217654604, 48, 0, -0.11313688566423713, 44, 8, 33.065810005579436, 65, 9, 41.321040290875445, 87, 3, 61.745972520519274, 315, 72, 87, 1.0, 
Spencer Schwellenbach, 18, 0, -0.023950437451943835, 57, 2, 11.507769359452517, 31, 30, -70.38342198183923, 114, 8, 54.158964235344094, 160, 8, -5.107715060298274, 373, 93, 162, 1.0, 
Spencer Strider, 21, 4, 1.9315151517334757, 72, 3, 48.72595162205257, 60, 5, 20.789371423381, 122, 14, 87.85460131817311, 182, 3, 20.345506086381377, 427, 103, 154, 1.0, 
Spencer Turnbull, 8, 0, 0.19097855013402945, 29, 1, 9.676356897841918, 25, 8, 8.062567190644483, 48, 3, 3.0036907150082, 64, 10, 15.56657652398303, 78, 18, 67, 1.0, 
Stephen Kolek, 6, 6, -7.648054162414468, 35, 5, 33.83524462497146, 20, 7, -2.2179697851834277, 68, 5, 3.623824564987771, 55, 0, 95.40772639589295, 268, 63, 73, 1.0, 
Steven Matz, 16, 0, 4.01106853437784, 56, 0, 27.103850841787406, 31, 16, 44.84596975097472, 113, 8, 17.71714992965463, 104, 1, 7.19821210556028, 288, 68, 128, 1.0, 
Taijuan Walker, 21, 7, 20.849112598044336, 63, 3, 42.64949025308827, 42, 5, 2.58874059247643, 104, 10, -22.515103536354914, 82, 4, 6.19431064384929, 575, 133, 113, 1.0, 
Taj Bradley, 17, 1, 42.08681570517443, 60, 7, 56.82740542347261, 43, 5, 16.05660345348934, 87, 0, 14.920536952114396, 116, 1, 40.8195879090166, 509, 119, 114, 1.0, 
Tanner Bibee, 23, 5, 0.733733743438215, 75, 4, 30.974307097023395, 51, 3, 4.71403338597852, 138, 11, -10.584751773622887, 173, 4, 81.89413385797342, 637, 154, 178, 1.0, 
Tanner Gordon, 30, 13, -6.4444798160350345, 104, 15, 130.17011833615996, 32, 35, -138.72103843237534, 149, 9, 78.37211844412836, 103, 17, -28.158746746242457, 198, 43, 132, 1.0, 
Tarik Skubal, 16, 5, -1.2554515122976504, 54, 17, -28.25721546834646, 39, 37, -158.83653822540447, 128, 7, -1.963464475582418, 232, 9, -0.6266458396848371, 572, 146, 193, 1.0, 
Tobias Myers, 6, 1, 4.947942191279818, 22, 8, -42.42345542343621, 16, 1, 1.1966346741046836, 51, 0, 4.428223496255413, 46, 0, 15.222438602941779, 315, 75, 57, 1.0, 
Tomoyuki Sugano, 26, 16, 3.065139907810405, 70, 0, 0.00397235595181937, 33, 15, 2.721020264406498, 123, 14, 2.409515760441735, 93, 12, 1.888141529986779, 337, 78, 136, 1.0, 
Trevor Rogers, 14, 9, -4.479446638570256, 59, 11, 41.90625245693659, 55, 8, 65.29996971297504, 125, 3, 7.9982193771212415, 146, 1, 12.007484292272439, 423, 98, 164, 1.0, 
Triston McKenzie, 5, 4, 25.407204244771115, 13, 4, 24.809290261239262, 14, 3, 33.37449187802824, 17, 0, 0.220897855217902, 26, 1, 7.241590062244221, 199, 49, 26, 1.0, 
Tyler Alexander, 11, 2, 37.19406565472808, 44, 6, -23.205242130338185, 21, 6, 26.250635287221016, 75, 3, 85.51834976674701, 68, 9, -9.850223397641088, 371, 87, 82, 1.0, 
Tyler Anderson, 22, 2, 6.279802140305042, 66, 8, 24.194200838471247, 55, 1, 49.68969827880305, 108, 3, 13.60886777139098, 108, 6, 26.297882850237425, 675, 158, 137, 1.0, 
Tyler Gilbert, 6, 0, 15.74126770588794, 24, 1, 32.2029816017702, 25, 4, 0.5272592804043121, 38, 0, 1.947839855723611, 51, 6, 5.13452845486227, 102, 24, 55, 1.0, 
Tyler Glasnow, 14, 2, -0.9659356978709037, 49, 9, -14.693985334937555, 50, 15, 74.1035032480861, 78, 24, -82.14216167891365, 166, 6, 33.23042253211399, 425, 106, 136, 1.0, 
Tyler Holton, 9, 2, 26.388329574310497, 24, 2, 16.397824668280574, 16, 10, -77.2179245143922, 44, 10, -59.03958222501123, 59, 2, 88.76178357206945, 306, 79, 72, 1.0, 
Tyler Mahle, 13, 4, 31.4072066074491, 42, 18, 49.8591645279825, 43, 0, 27.075260429516874, 101, 6, 1.4673712746589498, 118, 0, 14.373023741584072, 221, 54, 138, 1.0, 
Tyler Phillips, 10, 2, 14.939339453335391, 34, 3, 32.382128250799994, 19, 7, 61.34079187343764, 59, 6, -7.475251080073157, 50, 3, 44.89119258975455, 189, 45, 69, 1.0, 
Tyler Wells, 16, 10, 11.323667256595428, 37, 12, 13.4756268949784, 26, 2, 1.076355525966497, 54, 11, 12.682777871665149, 82, 2, 2.488553350886801, 89, 22, 92, 1.0, 
Wade Miley, 5, 0, 1.5158536852906077, 17, 3, 2.65853509744961, 16, 2, 3.352206362414913, 36, 4, 8.0856974969034, 35, 4, 12.107962601572323, 64, 15, 49, 1.0, 
Walker Buehler, 22, 1, 2.9727620918212816, 68, 3, 6.583500626282682, 52, 1, 29.15634527289349, 108, 15, -16.08707122911072, 98, 13, 0.6449487883847098, 343, 77, 122, 1.0, 
Will Warren, 21, 2, 1.2450655277884488, 93, 15, 291.76053890002936, 54, 9, 29.274802979044296, 127, 2, 192.21020682277867, 142, 24, 225.79686799942192, 328, 73, 127, 1.0, 
Yariel Rodriguez, 4, 0, 0.11403476239318422, 13, 2, -7.210369919196907, 15, 4, 102.51695496453726, 21, 0, 11.294768634525294, 32, 2, -10.13193686025641, 266, 63, 34, 1.0, 
Yoendrys Gomez, 15, 1, 0.0703721731331034, 46, 1, 0.09221769812386049, 35, 1, 0.06050212747601247, 63, 5, 0.9672034272473855, 73, 10, 3.623090550974112, 138, 31, 80, 1.0, 
Yoshinobu Yamamoto, 13, 4, -1.8592750781554122, 47, 5, 4.2678805793662296, 47, 1, 21.097606256536647, 102, 4, 106.66572632060132, 182, 6, -3.8522235768075923, 420, 105, 156, 1.0, 
Yusei Kikuchi, 24, 9, -8.553151347996053, 76, 16, -19.085529524669326, 60, 12, 57.475382916471986, 142, 18, -7.9708776330595725, 185, 0, 21.738132980991544, 665, 155, 173, 1.0, 
Zac Gallen, 23, 5, -3.8345393246851893, 82, 8, -4.997294277605842, 59, 11, 47.649820512289025, 136, 9, -3.324050035649929, 171, 18, -47.24950895052937, 748, 183, 177, 1.0, 
Zach Eflin, 25, 14, -3.17411557881411, 74, 16, 3.3577381380818565, 27, 29, -187.37200284901198, 130, 8, 6.679510542205961, 114, 0, 36.589620295837435, 502, 122, 144, 1.0, 
Zack Littell, 26, 13, -19.6952113286795, 71, 2, 11.608224015076157, 34, 30, -133.50967169366, 136, 0, 50.5981860709107, 131, 8, 52.00801285862771, 496, 119, 165, 1.0, 
Zack Wheeler, 13, 2, 1.8734560654713577, 39, 4, -4.661710973398419, 31, 14, -58.62283254211695, 80, 12, -27.778729649354972, 150, 8, 96.05135051192651, 691, 173, 125, 1.0, 
Zebby Matthews, 23, 13, 24.061587648923776, 78, 20, -19.684032802783037, 39, 18, -45.752592012709584, 125, 16, -36.30326043614532, 135, 11, -14.995018838744826, 212, 46, 121, 1.0, 
