AJ Smith-Shawver, 5, 1, 44.14530179576967, 18, 3, 24.281527290133333, 19, 11, -33.79969351515126, 33, 0, 75.39231432155489, 41, 3, 15.613443273031152, 93, 21, 44, 1.0, 
Aaron Ashby, 4, 3, -5.005660069772709, 19, 4, 0.8909809491429499, 23, 4, -5.428441112702394, 47, 5, 22.63253669327478, 77, 4, -1.7445303261288423, 250, 58, 66, 1.0, 
Aaron Civale, 15, 1, 19.924112525468004, 51, 0, 55.38591870108937, 32, 9, 12.126893317608733, 81, 3, -2.90607648365106, 92, 1, 12.7928366946447, 508, 120, 102, 1.0, 
Aaron Nola, 15, 6, -18.60383237982345, 49, 9, -8.913162137734687, 26, 12, -61.52080054753618, 78, 7, -4.642879296567585, 96, 1, 12.857463011054222, 706, 172, 94, 1.0, 
Adam Mazur, 4, 0, -0.006073726811398755, 19, 2, 6.720247148263816, 13, 6, -56.01933544642003, 29, 1, 10.355348807418121, 19, 3, -25.01545196067576, 118, 25, 30, 1.0, 
Adrian Houser, 12, 7, -14.885228072406484, 60, 7, -7.5892621203897015, 44, 5, 21.1332327888909, 115, 3, 153.27318119306076, 90, 3, 39.1149728719277, 440, 101, 125, 1.0, 
Andre Pallante, 17, 6, -0.06462623676615209, 82, 9, 29.582742357502404, 60, 21, -74.64797661756364, 149, 4, 21.104302256963617, 115, 9, 5.146165146968755, 495, 114, 162, 1.0, 
Andrew Abbott, 22, 6, 3.5279032366011354, 61, 9, 23.22785594961896, 52, 3, 38.90315113294402, 128, 9, -10.486624401909506, 150, 1, 82.782262129795, 535, 128, 166, 1.0, 
Andrew Heaney, 20, 10, -29.38346607211183, 63, 14, -62.53471997032109, 38, 0, 52.049089135770046, 102, 6, 58.396123315881105, 108, 0, 17.550381710855547, 545, 125, 122, 1.0, 
Anthony DeSclafani, 9, 5, 0.08592024525275122, 21, 0, 2.8236118738256275, 12, 7, -17.848782600359073, 28, 6, -8.69467066301516, 34, 5, -7.77954817008829, 185, 43, 38, 1.0, 
Antonio Senzatela, 21, 2, 3.773875616190118, 93, 1, 22.701171135561474, 46, 7, 8.953643227298116, 164, 42, -14.738551357227266, 77, 28, -6.679955603915033, 293, 63, 130, 1.0, 
Austin Gomber, 12, 6, -49.96630738259941, 39, 6, -43.33447694138721, 16, 5, -33.39160602188035, 59, 1, 35.426327785012106, 37, 6, -39.68315050076953, 525, 121, 57, 1.0, 
Bailey Falter, 18, 5, 3.3202670790688096, 61, 10, 3.136408816886913, 40, 3, 25.17342904997493, 103, 6, 15.464597834319573, 87, 14, -39.164520719265624, 450, 107, 125, 1.0, 
Bailey Ober, 23, 11, -15.184105079195461, 70, 13, 5.591842004850136, 34, 17, -64.2280206575947, 114, 10, 2.826500514782879, 133, 16, -31.55305614970814, 534, 131, 146, 1.0, 
Ben Brown, 14, 2, 2.959746920925613, 57, 14, -38.62728734861817, 34, 7, 29.79134263073209, 90, 0, 2.3280378050563417, 121, 5, 20.215498301848726, 277, 64, 106, 1.0, 
Ben Lively, 6, 1, -5.626682231031378, 18, 0, 8.937814629977181, 14, 0, 47.5013844085402, 33, 1, 9.032557245081712, 32, 2, 37.52614252494797, 369, 87, 44, 1.0, 
Blake Snell, 4, 3, -11.545588557496256, 18, 2, 31.50306563514369, 26, 6, 9.526112968104059, 41, 5, -5.213538136400771, 77, 2, 9.03082238665317, 487, 118, 61, 1.0, 
Bowden Francis, 13, 7, -39.4829085259161, 31, 4, 31.210624973675188, 21, 4, -10.551521787290618, 43, 3, 10.00098183128264, 56, 1, 7.00030556974484, 257, 63, 64, 1.0, 
Brad Keller, 7, 1, 61.04636198307501, 28, 1, 76.44811251207503, 28, 11, 246.31282275510375, 52, 0, 4.292049075378364, 62, 6, 79.62136431133366, 324, 73, 69, 1.0, 
Brad Lord, 16, 2, 0.11018601298745612, 60, 18, 4.237510676288494, 42, 3, 0.2021358500610666, 107, 12, 1.9506159942814882, 106, 13, 2.5538456356820127, 273, 65, 130, 1.0, 
Bradley Blalock, 12, 4, 43.57457618282411, 50, 15, 198.1977094589452, 27, 9, 107.44584444695823, 64, 1, 43.958309771655635, 33, 15, -48.32411863575453, 168, 35, 58, 1.0, 
Brady Singer, 19, 0, 0.32597507811262316, 75, 7, 6.77802783050981, 53, 6, 9.732490297512033, 140, 0, 20.35542711075699, 159, 1, 20.92389077578826, 700, 165, 169, 1.0, 
Brandon Pfaadt, 26, 7, 1.8857415492484861, 97, 22, -56.4935708319926, 42, 23, -60.14426159693477, 163, 5, 12.159837669357147, 159, 13, 20.64336465690439, 603, 140, 176, 1.0, 
Brandon Walter, 8, 4, 15.051981652283544, 23, 3, 9.635339959803893, 8, 15, -19.75023534895149, 41, 8, -3.5579879607384584, 48, 1, 1.9020698182015914, 100, 24, 53, 1.0, 
Brandon Woodruff, 8, 3, -2.1929434747865706, 21, 1, 9.338957352872814, 15, 7, -14.234180338781869, 36, 9, -14.270083605522913, 79, 10, -20.691946972259345, 263, 66, 64, 1.0, 
Brandon Young, 11, 2, 0.5957944376387347, 40, 2, 0.37449169335349186, 22, 0, 3.02848637420116e-06, 56, 11, 8.609512119684283, 45, 9, 6.013476936157133, 128, 28, 57, 1.0, 
Braxton Ashcraft, 3, 7, 2.383769729987595, 22, 10, 5.523502751095549, 23, 5, 1.1856021036239976, 59, 5, 1.5272643998320312, 70, 4, 0.9294011329701828, 146, 34, 69, 1.0, 
Brayan Bello, 17, 3, 10.528728523569011, 71, 2, 33.593508461687385, 59, 13, -14.880440263481226, 141, 8, 84.86535054643831, 138, 2, 29.601705018124452, 584, 135, 166, 1.0, 
Brennan Bernardino, 3, 4, -14.536536283738222, 20, 4, -21.518745452507986, 22, 9, -54.12291107599012, 41, 3, 16.73875678544799, 48, 6, -29.132616274720917, 206, 47, 51, 1.0, 
Bryan Woo, 24, 5, -1.4912290567582298, 63, 6, -1.7861904482715651, 39, 30, -26.33183516427917, 118, 4, 38.02725566445791, 183, 9, 115.92701292721432, 487, 122, 186, 1.0, 
Bryce Elder, 22, 0, 4.830713156067673, 91, 9, 0.7185205005466955, 53, 3, 19.806629492894395, 149, 1, 21.875100633406923, 129, 28, -81.74872212002185, 466, 108, 156, 1.0, 
Bryce Miller, 14, 1, -0.09778636679729336, 45, 5, -8.545513388688288, 29, 8, -30.991379582445674, 68, 2, -2.093165470178535, 79, 3, 0.9316709538343666, 506, 124, 90, 1.0, 
Bryse Wilson, 8, 3, -25.042338891303665, 27, 1, 31.75143832740363, 16, 0, 3.987825968020217, 46, 2, 40.95626890303564, 32, 3, 40.71241913475839, 372, 85, 47, 1.0, 
Cade Cavalli, 6, 0, 0.08999665805645463, 23, 2, 0.6435813788817608, 14, 0, 0.0322342049278479, 49, 5, 2.889484075797924, 39, 6, 4.330763497499447, 109, 24, 48, 1.0, 
Cade Horton, 10, 5, 0.47799754879805434, 37, 16, 4.508880142394204, 33, 5, 0.46296268844640576, 86, 9, 1.470208857846682, 95, 11, 2.0491806984977785, 238, 59, 118, 1.0, 
Cade Povich, 17, 0, 5.076096205735397, 64, 1, 2.485849707845973, 45, 2, -1.2388088027473354, 103, 3, 1.5382345102153039, 110, 0, 2.850830315655185, 336, 76, 112, 1.0, 
Cal Quantrill, 19, 0, 3.6580302177873345, 71, 5, 10.970791143261014, 42, 6, 27.143008608716595, 111, 4, 107.46902138905605, 84, 8, 27.480321431752493, 595, 137, 117, 1.0, 
Caleb Ferguson, 4, 5, -21.289496254923748, 27, 2, 50.50908634042812, 25, 1, 26.650348357202585, 54, 5, 6.484830499719735, 64, 0, 49.97287745545145, 232, 53, 65, 1.0, 
Cameron Schlittler, 7, 1, 0.046802236287742716, 23, 0, 0.012928205850414987, 29, 12, 6.513166007166703, 49, 1, 0.07514255390024915, 84, 4, 0.85438085220472, 152, 36, 73, 1.0, 
Carlos Carrasco, 8, 1, -2.547338312709801, 31, 3, -23.946591375633012, 16, 2, 26.878859544014155, 46, 3, -7.552538824190876, 35, 1, -6.749793934859218, 430, 97, 45, 1.0, 
Carlos Hernandez, 4, 5, -44.42635623101438, 26, 5, 82.07220155867469, 22, 2, 39.95689510220252, 40, 1, 25.61719137974314, 39, 4, 7.16476431143289, 224, 49, 43, 1.0, 
Carlos Rodon, 27, 8, 10.087006068999134, 80, 21, -21.06620942536189, 69, 12, 0.24510362779805916, 126, 1, 14.789399217590042, 208, 14, 66.22994606767237, 630, 153, 195, 1.0, 
Carmen Mlodzinski, 8, 5, -11.709540654226991, 37, 6, 25.421759581559172, 33, 1, 28.398127647433288, 83, 8, 60.291215165940045, 91, 11, -49.33639993712971, 241, 57, 99, 1.0, 
Carson Fulmer, 4, 1, 1.424055946794807, 17, 0, 81.44181561604272, 12, 1, 11.41334711424145, 21, 3, 5.063311157462294, 26, 2, -13.686200483048978, 200, 46, 29, 1.0, 
Carson Palmquist, 9, 5, 4.873424259897611, 33, 7, 9.506019277874344, 23, 7, 11.325887466313375, 35, 3, 2.0690269057724606, 28, 8, 13.198167995966855, 87, 17, 34, 1.0, 
Casey Mize, 18, 1, 5.978362171978738, 67, 1, 2.431170381861054, 39, 9, -5.096214938454608, 140, 20, -33.1727309494526, 130, 4, 11.665770644102782, 431, 100, 149, 1.0, 
Chad Patrick, 13, 0, 0.005859980411066321, 47, 2, 0.10358755667777442, 39, 6, 0.7015895868362385, 99, 4, 0.36931761676095576, 125, 14, 3.4021504273068643, 251, 59, 119, 1.0, 
Charlie Morton, 20, 4, 2.771989346969937, 76, 14, -20.56312049806118, 63, 17, -46.9059429012554, 120, 1, 55.09657504346134, 149, 2, 13.34995525905508, 699, 160, 142, 1.0, 
Chase Burns, 5, 0, 0.004081791784565782, 21, 0, 0.05916071819608926, 16, 6, 5.553646832712779, 35, 3, 1.558947687227512, 64, 15, 29.381378547595546, 94, 21, 43, 1.0, 
Chase Dollander, 17, 0, 0.003439558625982733, 68, 19, 8.70473711801425, 47, 8, 1.5032777206597956, 83, 7, 1.3281230469887344, 82, 1, 0.055067026392033425, 220, 49, 98, 1.0, 
Chris Bassitt, 20, 0, 5.886864487697574, 74, 3, 33.85988287868552, 56, 1, 0.9305763482223123, 149, 6, 36.21457565096411, 166, 9, -1.9967239881818841, 766, 180, 170, 1.0, 
Chris Flexen, 6, 2, -10.784952068593142, 20, 0, 19.3183405505221, 14, 0, 35.84660240010126, 36, 1, 12.536534853648499, 28, 7, 75.09510369715053, 485, 110, 43, 1.0, 
Chris Paddack, 27, 11, -8.506995577197628, 89, 15, -17.398125869632935, 39, 15, -20.87562176013133, 145, 12, 35.15651424722023, 121, 10, 72.67502130316521, 421, 98, 158, 1.0, 
Chris Sale, 10, 2, 8.411016642368367, 38, 3, 53.87959995898895, 32, 11, -26.074200116213206, 89, 10, -24.207996410442732, 158, 18, -62.59926119625281, 507, 125, 125, 1.0, 
Clarke Schmidt, 8, 0, 2.9058048808417842, 28, 4, 10.84904819065715, 27, 7, -25.291982864378134, 53, 3, 19.561551571517555, 77, 5, -3.8341442107807637, 399, 94, 78, 1.0, 
Clay Holmes, 12, 11, -17.26411330924835, 60, 4, 5.083528725840127, 59, 17, -42.19157812475166, 134, 16, -41.2522477485002, 152, 9, 17.890526337852354, 375, 88, 165, 1.0, 
Clayton Kershaw, 9, 6, -4.676416589493922, 44, 3, -2.301551831386398, 33, 1, 12.85348309364566, 97, 14, -36.27960454793319, 92, 3, 30.411049329486175, 403, 99, 112, 1.0, 
Cole Ragans, 6, 0, 0.5628907042348787, 27, 2, -7.209104554053813, 22, 3, 143.7631814024708, 45, 0, 7.968075063538173, 81, 12, 73.82083611164802, 396, 95, 61, 1.0, 
Colin Rea, 22, 8, -1.4389888489617704, 71, 16, -31.853761515739187, 44, 8, -5.229067452808128, 129, 10, 29.209556340139045, 128, 5, 22.72505548342997, 586, 139, 159, 1.0, 
Colton Gordon, 19, 14, 6.299770162177509, 49, 10, 3.185609094028351, 20, 10, 3.3725563369904847, 82, 1, 0.029872297360447275, 70, 12, 5.03925147853198, 189, 43, 86, 1.0, 
Connor Gillispie, 5, 1, 0.6595707741701604, 24, 4, 5.242932546195519, 11, 6, 12.66596251872761, 26, 3, 4.11206406046049, 23, 2, 2.4333301849260955, 61, 13, 26, 1.0, 
Corbin Burnes, 7, 0, 0.25302986278215556, 20, 2, 23.945803389305887, 21, 4, 50.63030710063857, 42, 0, 49.114593020216404, 63, 1, 23.291979689418145, 657, 163, 64, 1.0, 
Cristian Javier, 4, 3, -6.634039258397152, 18, 4, 18.606021376660948, 16, 1, 62.687204786890476, 28, 2, -18.987093132897062, 33, 0, 53.82236461863146, 394, 95, 37, 1.0, 
Cristopher Sanchez, 17, 13, -4.094924659488207, 73, 33, -87.6930639355233, 50, 23, -51.88640003538784, 168, 8, -1.1525945287184172, 192, 19, -26.451649070587905, 533, 130, 202, 1.0, 
DL Hall, 3, 2, 4.344469599976755, 17, 0, -0.0032647358303207683, 16, 6, -58.27828432490665, 28, 6, 45.09322074375439, 31, 2, -10.01903160339932, 140, 32, 38, 1.0, 
Daniel Lynch IV, 8, 1, 0.4283494571855053, 26, 1, 52.20293278442937, 23, 4, -9.255214730130476, 51, 3, 40.582076325098825, 51, 8, -59.42546960139455, 321, 73, 67, 1.0, 
David Festa, 8, 1, -0.2664762852891105, 30, 1, 0.3957811059746188, 20, 7, -42.745342573530976, 41, 2, 33.058766064547, 56, 4, 144.10101397557926, 202, 46, 53, 1.0, 
David Peterson, 14, 9, -9.757590303790757, 72, 1, 44.29959879831381, 64, 17, -40.91698932676928, 147, 19, -43.20566745933826, 157, 4, 88.21063952100565, 544, 126, 168, 1.0, 
Davis Martin, 17, 0, 8.041673415065743, 66, 2, 44.06793413936571, 52, 7, -4.591279178385577, 120, 0, 29.46621543485032, 116, 11, 7.719911874414464, 316, 74, 142, 1.0, 
Dean Kremer, 22, 4, -0.07090098884268681, 76, 14, -23.393683391075122, 52, 1, 49.342921131921685, 136, 1, 63.72481705968858, 148, 3, 42.46718092576074, 627, 149, 171, 1.0, 
Drew Rasmussen, 11, 8, 13.823744123604857, 47, 5, 14.834530884476518, 37, 15, -39.44879474131605, 109, 19, 26.100943057103933, 149, 4, 85.22127372851787, 365, 92, 150, 1.0, 
Dustin May, 17, 7, 3.6912915154975305, 67, 8, 9.485642826344527, 54, 3, 4.082881942296959, 102, 5, 59.73716331470805, 116, 8, 29.277121457652473, 209, 49, 132, 1.0, 
Dylan Cease, 18, 0, 0.6541336793471341, 75, 4, 13.116538716801482, 68, 3, 30.71635116571835, 123, 1, 22.12785072574009, 209, 7, 6.232682755593178, 753, 179, 168, 1.0, 
Dylan Dodd, 5, 2, 2.239031548911308, 16, 5, -10.511108439938184, 7, 6, -1.6979327981132997, 26, 4, 12.087047261701429, 27, 6, 19.188845037894282, 94, 21, 35, 1.0, 
Eduardo Rodriguez, 22, 4, -2.21134327374795, 81, 0, 5.689619413883849, 58, 1, 5.656766189277095, 144, 2, 13.690453728193502, 145, 25, -91.1954091867292, 482, 111, 154, 1.0, 
Edward Cabrera, 17, 3, 0.05010963622349429, 60, 6, 25.035275129633273, 60, 10, 10.985430230635458, 98, 5, 11.646122542096315, 149, 22, -110.83818837393142, 431, 100, 137, 1.0, 
Emerson Hancock, 15, 6, -7.768165379574334, 48, 3, -2.8535746017135297, 29, 4, -2.3637991324129715, 78, 14, -50.7839143502527, 62, 6, -1.99444530438889, 260, 60, 90, 1.0, 
Emmet Sheehan, 8, 0, 4.959566410484499, 26, 1, 16.29458185351751, 24, 3, 9.674852907535056, 43, 10, -11.492385421831742, 86, 2, -0.8160901611909885, 169, 41, 73, 1.0, 
Eric Lauer, 17, 9, 14.094096718015123, 45, 1, 48.98336528722994, 32, 2, 26.075419750198474, 78, 12, 0.20244041107926591, 100, 2, 9.223166064757162, 302, 72, 104, 1.0, 
Erick Fedde, 18, 0, 0.16532389637977965, 73, 8, 37.177488998449384, 55, 20, 19.86498751859375, 123, 9, -7.7324294708471335, 99, 9, 147.23828912328503, 557, 129, 141, 1.0, 
Erik Miller, 1, 3, -4.33649177763283, 8, 7, -69.57624753009009, 17, 11, -138.91898032781933, 22, 1, 55.68535254816737, 28, 0, -1.844838155973112, 164, 38, 30, 1.0, 
Eury Perez, 12, 4, 0.44821252856568883, 40, 17, 0.006329584550911704, 31, 3, -0.8600288998674293, 58, 10, -5.337327041705365, 107, 10, 2.222858852186363, 239, 58, 95, 1.0, 
Framber Valdez, 16, 10, -11.501468974682222, 72, 10, 5.170329900340214, 62, 9, -3.9506924204017544, 149, 11, 5.60505275188617, 187, 2, 2.049398463376945, 785, 191, 192, 1.0, 
Frankie Montas, 6, 0, 5.9320197953193095, 24, 1, 2.5104883582469064, 14, 0, -0.46812458758933984, 36, 2, -7.527867653332887, 33, 6, -78.79055805636477, 417, 96, 38, 1.0, 
Freddy Peralta, 21, 8, -3.7708085999224465, 61, 8, 28.042403069790634, 63, 16, -33.25666884533862, 111, 13, -8.323260015635448, 206, 6, 15.8388004010766, 611, 148, 176, 1.0, 
Garrett Crochet, 23, 5, -1.6535409524717855, 67, 1, 27.463428367160525, 49, 26, -33.590150620511125, 142, 8, -0.9727323708696733, 264, 37, 13.073542065576987, 563, 140, 205, 1.0, 
Garrett Whitlock, 5, 4, 17.288782663617162, 24, 5, 5.581763778238805, 21, 3, 75.14497175328079, 54, 2, 17.293473004356542, 85, 5, 14.252279232740545, 211, 51, 72, 1.0, 
Gavin Williams, 19, 2, 6.832322007817162, 70, 17, -23.142147390678417, 78, 6, 8.852760159644651, 121, 12, 2.4530766679302545, 172, 3, 2.115835945209819, 428, 100, 167, 1.0, 
George Kirby, 14, 0, 0.1439136833929941, 53, 3, 18.123349926038784, 25, 23, -114.09047290001948, 105, 5, -1.5486742235916537, 126, 5, 63.87816177484879, 650, 159, 126, 1.0, 
German Marquez, 22, 0, 0.37956724928055074, 90, 2, 2.5956338988504504, 47, 2, 6.477407740690275, 139, 10, -0.7649651590766808, 86, 9, 0.07612305468181546, 390, 87, 126, 1.0, 
Graham Ashcraft, 6, 4, 18.241454083462884, 33, 2, 73.580736668129, 23, 1, 11.672669382954489, 64, 3, 21.2610370420906, 56, 3, 7.94304265424595, 430, 98, 65, 1.0, 
Grant Holmes, 14, 1, 1.2665415362707062, 49, 0, 0.2308765835578715, 44, 11, -21.71406248832956, 88, 9, -13.415841050904689, 120, 6, -7.2109218494888925, 309, 73, 115, 1.0, 
Griffin Canning, 10, 0, 5.804900970017639, 36, 1, 7.037239510626515, 30, 7, 89.66167722560442, 62, 0, 2.8798273094037774, 68, 5, 30.245034483175644, 496, 116, 76, 1.0, 
Gunnar Hoglund, 9, 6, 8.490689274557127, 22, 5, 7.685056388129496, 11, 4, 5.231416758043906, 27, 2, 1.5938487256759224, 23, 6, 8.523584428827363, 69, 16, 32, 1.0, 
Hayden Birdsong, 9, 3, -4.413335199910678, 33, 6, -12.106335239924903, 36, 6, -2.8541519599202942, 47, 1, 137.991526750107, 72, 2, 19.539269666168025, 245, 54, 65, 1.0, 
Hayden Wesneski, 5, 3, -44.673915078217334, 14, 3, 15.305178652969033, 8, 3, -8.287591351480259, 21, 2, 62.5459119456069, 30, 0, 54.623876100781466, 231, 55, 32, 1.0, 
Hogan Harris, 6, 3, -7.287012316582906, 26, 3, 95.50299754994882, 30, 3, 55.993220751242816, 50, 6, -29.74563521144937, 60, 2, 23.1051708521594, 268, 61, 64, 1.0, 
Hunter Brown, 19, 0, 2.2668260822448114, 65, 9, -2.7525549213732887, 60, 2, 12.538529279039139, 134, 11, 1.5242782167585105, 203, 2, 66.01559290078194, 652, 158, 185, 1.0, 
Hunter Dobbins, 6, 3, 0.5574987006773711, 28, 4, 1.458858580729622, 17, 2, 0.2987562523495111, 55, 5, 1.7708573725646914, 44, 0, 0.0005144796401272212, 128, 30, 61, 1.0, 
Hunter Gaddis, 6, 0, 14.957831088340903, 21, 3, 48.74691175470855, 18, 2, 30.073684466981305, 45, 0, 83.9279802707932, 64, 9, -55.0005470401026, 227, 56, 66, 1.0, 
Hunter Greene, 13, 4, 5.0355136628747665, 37, 1, 3.025972555167824, 34, 4, 41.92992191312564, 66, 15, -57.18324994941355, 130, 0, 28.108420786647716, 515, 123, 107, 1.0, 
Hurston Waldrep, 3, 4, 1.736782536606217, 18, 7, 3.849111972554887, 20, 7, 4.415480790805255, 42, 5, 1.9826111654982341, 55, 0, 0.0029947449032323922, 114, 28, 56, 1.0, 
J.T. Ginn, 14, 3, 7.018005721917305, 47, 1, 6.260646997462178, 29, 6, -10.598139212313072, 80, 11, -8.471014777308994, 89, 8, -4.401611207379787, 213, 49, 90, 1.0, 
JP Sears, 24, 8, -14.63291356099164, 69, 5, 37.04017004953795, 40, 19, -15.765911423527996, 109, 3, 7.259543167703771, 112, 0, 6.287971407985081, 591, 139, 135, 1.0, 
JT Brubaker, 0, 4, 3.9346295224717096, 12, 1, 3.2460215775633, 11, 4, 11.73575230005764, 23, 1, 0.08048513013140024, 22, 0, 3.14761851162942, 217, 49, 28, 1.0, 
Jack Flaherty, 21, 4, 8.16018367053635, 75, 1, 15.390261010917412, 59, 14, 46.79788819415349, 125, 2, 6.852204830840401, 185, 16, 22.201229711994714, 536, 125, 161, 1.0, 
Jack Kochanowicz, 17, 0, 3.3557078760890606, 71, 1, 21.714458509484995, 41, 5, 185.49879997801776, 111, 7, -6.7155231444113355, 64, 28, 56.61341832973096, 311, 70, 111, 1.0, 
Jack Leiter, 22, 0, 0.1912287552312894, 95, 9, 42.87338020552127, 72, 21, -40.49645716128293, 127, 2, 15.36182930083082, 144, 13, -16.359762657883763, 327, 74, 151, 1.0, 
Jackson Jobe, 7, 2, 0.7273839248588558, 24, 9, 7.543782204955448, 25, 7, 5.595481560075569, 39, 1, 0.19599254729768845, 39, 3, 1.3137273405760101, 109, 24, 49, 1.0, 
Jacob Latz, 9, 1, 3.9641434072728465, 30, 0, 2.8577272564925558, 41, 15, -61.92572636456393, 61, 14, -57.738881836500894, 78, 9, -22.146276696925156, 216, 51, 85, 1.0, 
Jacob Lopez, 14, 6, 0.9576324589844809, 42, 6, 0.9663167055565385, 38, 10, 2.839392333190439, 67, 8, 2.0123874272274485, 114, 11, 3.706403776262384, 199, 46, 92, 1.0, 
Jacob Misiorowski, 7, 0, 0.0027354621634548305, 32, 1, 0.10778228166353476, 31, 0, 0.024848176545440692, 44, 12, 8.15096365046314, 86, 0, 0.020284913635155832, 136, 33, 66, 1.0, 
Jacob deGrom, 22, 7, 3.124044071449948, 55, 5, -0.18582729435584078, 37, 36, 31.548214378703364, 95, 6, 4.029711641152808, 203, 30, -27.115762898842306, 238, 62, 172, 1.0, 
Jake Irvin, 31, 14, -10.278199520698351, 99, 23, -7.456877685760816, 60, 3, 11.516424397855882, 151, 13, -0.7776876769406087, 135, 1, 35.64935275886345, 646, 151, 180, 1.0, 
Jake Woodford, 4, 2, 16.779037412562623, 26, 1, 90.18662098822593, 12, 2, 32.777329698653, 40, 3, -27.260976287409193, 24, 3, 32.36872091180523, 186, 41, 36, 1.0, 
Jakob Junis, 6, 1, 5.822891677879949, 23, 3, 1.0468234022084602, 15, 8, -27.780378908635214, 52, 7, -31.019263842707062, 56, 0, 209.08873455644527, 343, 82, 66, 1.0, 
Jalen Beeks, 5, 1, -0.9738945673120032, 26, 2, 12.321021104452955, 21, 5, -31.632813151779985, 45, 5, 55.469864381223175, 49, 4, -17.585668472666974, 246, 57, 57, 1.0, 
Jameson Taillon, 19, 9, -15.963843787438115, 53, 4, 23.87429642659818, 29, 18, -87.83180745852704, 96, 7, 41.908589244139414, 101, 0, 16.289891941579384, 644, 156, 129, 1.0, 
Janson Junk, 9, 9, 1.7400421832308801, 52, 8, 1.2202701223781887, 17, 30, 17.065522913461024, 104, 2, 0.12407904906626199, 77, 6, 0.6713332151649656, 223, 55, 110, 1.0, 
Jared Koenig, 5, 3, -4.649499324501615, 22, 8, -2.293709824127859, 21, 3, 4.997954018944824, 52, 2, -2.043951472409333, 64, 2, 33.396048592536715, 205, 48, 66, 1.0, 
Jason Alexander, 14, 1, 0.26661759213138536, 42, 7, 1.3740797373789704, 27, 10, 7.3135239665802345, 66, 2, 1.9561236097407506, 63, 1, 2.8102084276123485, 187, 42, 77, 1.0, 
Javier Assad, 3, 0, 6.050404008199715, 14, 0, 8.699047752830186, 13, 3, 2.7351852544380932, 29, 1, -0.4146901464740047, 27, 1, 145.0878846126307, 351, 82, 37, 1.0, 
Jeffrey Springs, 25, 10, -9.400825301316182, 69, 4, 29.81541908023323, 53, 2, 9.030137068656943, 133, 0, 31.89617204196864, 157, 16, 25.08918590798862, 407, 98, 171, 1.0, 
Jesus Luzardo, 20, 4, 3.010069961079574, 82, 16, 13.639899944950926, 59, 8, 26.532515898252743, 142, 20, 41.80948253923489, 199, 0, 5.1206840838604855, 543, 131, 183, 1.0, 
Joe Boyle, 5, 1, -0.008334387224283368, 29, 10, -29.365156136439083, 32, 11, 215.1016804172, 38, 2, -4.334475578885707, 59, 0, 99.38337554932016, 180, 39, 52, 1.0, 
Joe Ross, 6, 0, 3.8691943009628837, 25, 2, -2.1177164676000686, 18, 5, -15.77085305311175, 47, 1, 7.529140109977181, 41, 1, 31.233896463133355, 219, 50, 51, 1.0, 
Joe Ryan, 24, 13, -23.905233375036836, 66, 20, -47.27936430526562, 39, 24, -70.8096406648807, 115, 1, 16.257147967792122, 194, 12, 8.35931930599314, 625, 153, 171, 1.0, 
Joey Cantillo, 11, 2, 1.0662895298066237, 40, 5, -6.739556905945669, 39, 7, 94.75452745260841, 69, 2, 7.345464783114271, 110, 13, -17.138233714653367, 225, 53, 95, 1.0, 
Joey Lucchesi, 3, 0, 0.17225354793506997, 15, 0, 11.379959019762119, 12, 0, 3.248188292580494, 31, 2, 0.42816764655606576, 29, 1, 17.35520242265489, 113, 26, 38, 1.0, 
Joey Wentz, 12, 1, 4.930493020484199, 57, 2, 40.837816551908155, 43, 5, 48.98448230812407, 92, 1, 61.205587771030075, 96, 9, 10.952756198711143, 343, 75, 98, 1.0, 
Johan Oviedo, 5, 0, 13.126521313112573, 16, 3, -2.3587134766760087, 21, 2, 0.09630263964576002, 24, 7, 1.6319699472337845, 40, 1, 1.6060880695256219, 278, 63, 40, 1.0, 
Jonathan Cannon, 17, 1, 0.020416108605079142, 60, 4, 7.0944739270327055, 37, 6, 13.494406052309, 93, 6, 106.86133591331262, 82, 1, -0.20446147314220697, 395, 90, 103, 1.0, 
Jordan Hicks, 7, 8, -66.87074398462788, 42, 9, -48.18886521320047, 32, 5, 8.311445074397191, 65, 4, 3.5087427833434717, 62, 4, 16.3275601178427, 335, 75, 67, 1.0, 
Jose Berrios, 24, 9, -15.04368239589014, 72, 10, -6.139341263502061, 51, 0, 9.94693201932195, 131, 1, 22.027974765610814, 137, 13, -17.510843726191354, 754, 179, 166, 1.0, 
Jose Butto, 5, 8, -43.95247039598421, 27, 14, -144.56706192057098, 33, 1, 5.083234947161138, 48, 3, 148.11992881868645, 62, 0, 32.37977483222381, 234, 56, 67, 1.0, 
Jose Quintana, 15, 0, 14.121619096123439, 54, 2, 38.20968432660574, 46, 10, -20.078159168529126, 104, 0, 13.476422606479172, 97, 3, 47.94419334928051, 567, 135, 131, 1.0, 
Jose Soriano, 15, 19, -32.78373505100156, 76, 20, -25.66047306512273, 74, 11, -5.119758841270453, 134, 0, 32.691843600460835, 157, 16, -23.89204708100327, 426, 100, 169, 1.0, 
Jose Urena, 8, 1, 11.617392518343935, 27, 2, 15.97216575177449, 21, 7, -65.46733798881823, 48, 0, 49.284108577837145, 36, 10, -151.24191109234738, 335, 76, 55, 1.0, 
Justin Verlander, 18, 0, 6.163134370681793, 68, 5, 39.17101471482481, 46, 2, 25.194188158885133, 131, 7, 55.71478930222827, 135, 4, 81.61291981353112, 598, 144, 152, 1.0, 
Justin Wrobleski, 9, 0, 28.687275721482834, 36, 2, 27.42398217787938, 22, 8, 8.460759024705766, 55, 8, -28.440289237626004, 65, 0, 102.18614105856473, 173, 40, 66, 1.0, 
Kai-Wei Teng, 2, 2, 1.265682697197521, 19, 9, 24.05685335860602, 16, 4, 5.5442189801268, 26, 6, 10.529141997886654, 38, 1, 0.2827872537931415, 69, 14, 29, 1.0, 
Keider Montero, 15, 4, -2.5876495467244442, 46, 5, -3.917324798993416, 30, 3, 63.60925941717022, 78, 6, 9.53309179366407, 71, 2, 34.18568577455425, 320, 75, 90, 1.0, 
Kevin Gausman, 20, 1, 0.36090913507945, 76, 0, 3.8762870204514805, 53, 7, 9.316526429850267, 147, 10, 102.56841896388552, 194, 0, 73.07992974826452, 754, 183, 193, 1.0, 
Kodai Senga, 12, 2, 0.2930116848731579, 39, 14, 8.1971062002035, 54, 1, 50.87877032774166, 79, 5, 3.800239635768456, 116, 8, 7.9121499688110575, 370, 87, 113, 1.0, 
Konnor Pilkington, 5, 4, 27.616438843482214, 13, 1, 34.79305543446181, 16, 3, -0.9289642030879293, 16, 5, 9.008056779339583, 31, 6, 11.710334219755765, 108, 24, 28, 1.0, 
Kris Bubic, 8, 8, -13.637418048164548, 38, 15, -26.88921005163722, 34, 3, 87.88508376811752, 94, 5, 44.48897536413597, 125, 9, 3.8540898689840546, 343, 79, 116, 1.0, 
Kumar Rocker, 11, 0, 0.04444732056885692, 40, 4, 1.1134047005671874, 24, 8, 3.7129243405105896, 58, 11, 7.217002581088664, 55, 2, 0.3473898121449901, 143, 32, 64, 1.0, 
Kyle Bradish, 2, 0, 2.7974957660526423, 10, 0, 3.199764976461452, 11, 3, -46.41803699897696, 20, 4, -84.36710827424957, 42, 0, 38.915487243776994, 367, 89, 32, 1.0, 
Kyle Freeland, 24, 6, 4.247209594485772, 89, 11, -18.493391908129055, 41, 14, -32.101529804687736, 164, 15, -33.33817570309653, 119, 0, 32.946604295366456, 660, 151, 162, 1.0, 
Kyle Harrison, 4, 0, 24.534910611548668, 16, 0, 138.21058250706594, 12, 0, 2.5927466913262736, 29, 1, 37.13518265816471, 36, 0, 12.240805374098596, 258, 59, 35, 1.0, 
Kyle Hart, 8, 1, 0.39815454625656344, 27, 3, 1.7235236561567007, 14, 9, 10.165958292785419, 30, 9, 9.960713709680817, 36, 0, 0.08719465233877421, 89, 21, 43, 1.0, 
Kyle Hendricks, 24, 1, 6.846284433381337, 91, 5, 21.764105064802912, 46, 12, -21.348420202933788, 151, 24, -97.59433439753462, 114, 9, -7.950533143376134, 549, 128, 164, 1.0, 
Lance McCullers Jr., 9, 1, 0.4326762791098895, 38, 11, -4.059951439987003, 36, 8, 24.6427305046398, 51, 11, 19.792484155957737, 59, 11, 5.727378006794169, 133, 29, 55, 1.0, 
Landen Roupp, 9, 8, -5.240234918327911, 46, 15, -27.5183527533234, 48, 1, 2.9834763190832456, 95, 8, 30.914760647591137, 103, 15, -45.96714607733952, 277, 62, 106, 1.0, 
Landon Knack, 8, 6, -49.16510113202881, 19, 6, -46.71880004309267, 16, 4, -14.0586186523836, 28, 2, -6.8812299488457835, 42, 0, 16.033173821906857, 188, 44, 42, 1.0, 
Logan Allen, 18, 3, 0.08450115443419381, 79, 2, 39.86031230299427, 57, 18, -47.68360309331865, 146, 0, 60.37266893223801, 123, 5, 3.337379973807426, 415, 95, 156, 1.0, 
Logan Evans, 12, 3, 0.4051178836512328, 39, 3, 0.5175321696506376, 29, 9, 3.1188700612297353, 70, 13, 6.081421462870779, 59, 1, 0.04214165552524374, 175, 40, 81, 1.0, 
Logan Gilbert, 17, 6, -6.499943306479118, 48, 8, -6.395832150046928, 30, 17, -73.01688774842881, 85, 5, -1.4497076832504163, 151, 18, -56.152841362801894, 718, 178, 131, 1.0, 
Logan Webb, 15, 16, -23.78419321782946, 78, 23, -42.56204834702548, 49, 24, -53.35459168485829, 188, 21, 14.82665763087725, 197, 23, -12.414820961745875, 833, 204, 207, 1.0, 
Louie Varland, 11, 2, 31.604404793272167, 37, 2, 41.76674642487316, 22, 9, 87.41032319616397, 65, 1, 18.870705426176876, 72, 5, -26.92905785483798, 230, 53, 72, 1.0, 
Lucas Giolito, 19, 4, 10.915330952720804, 61, 1, 15.931148111796166, 55, 5, 58.056075612200814, 113, 1, 2.6515585587107418, 130, 15, -11.3620997344468, 491, 114, 145, 1.0, 
Luis Castillo, 22, 5, -2.36449457529858, 70, 0, 4.882552604906123, 49, 9, -11.039952570907403, 138, 4, 3.9346960087563083, 177, 14, -3.343669619464798, 720, 175, 180, 1.0, 
Luis Gil, 5, 1, -0.48996781083411634, 21, 2, -3.414395660166198, 29, 13, 81.65150214630131, 39, 5, -7.596099605196223, 49, 1, 42.342845865420955, 352, 83, 57, 1.0, 
Luis L. Ortiz, 11, 1, -0.4562128571959423, 39, 2, 6.887541804764697, 38, 0, 122.4028009895441, 67, 3, 69.09318750190845, 81, 4, 5.690884922934146, 414, 95, 88, 1.0, 
Luis Morales, 7, 3, 1.3983510786777718, 16, 3, 0.9947448739422224, 17, 5, 3.005334266360393, 29, 2, 0.4400142779337184, 43, 4, 1.745141189657435, 99, 24, 48, 1.0, 
Luis Severino, 21, 0, 19.557595967002005, 81, 1, 2.4244068895246476, 52, 2, 1.5959226468513306, 140, 13, -26.026633378116593, 136, 0, 96.39131204333795, 572, 133, 162, 1.0, 
Luke Weaver, 9, 2, 29.758386034104753, 28, 2, 33.00141128242457, 20, 2, 33.393358810802916, 43, 8, 114.31490746521621, 71, 0, 94.91690034547928, 332, 76, 64, 1.0, 
MacKenzie Gore, 19, 0, 16.596542306816854, 74, 10, 25.389556912483357, 67, 13, -13.476478991601716, 135, 10, 13.577293641713538, 180, 13, 74.9062417759158, 575, 132, 159, 1.0, 
Marcus Stroman, 5, 1, -1.875212893396311, 22, 1, 0.9136265004696469, 14, 2, -3.1429645548202743, 36, 3, 6.945889041383651, 28, 1, 19.3994049271991, 498, 116, 39, 1.0, 
Martin Perez, 7, 0, 7.305079912716423, 24, 0, 3.0667411532682562, 20, 5, -44.211603471194024, 44, 7, 13.217238130022963, 43, 2, 17.786214913982636, 561, 132, 56, 1.0, 
Mason Miller, 5, 1, 4.291584948307401, 18, 0, 0.681933139335519, 25, 2, 38.22902367046852, 28, 10, -68.2319573103081, 94, 19, -337.3653797739262, 192, 49, 61, 1.0, 
Matt Strahm, 5, 1, 2.4184013932635686, 18, 2, 42.37034056542456, 17, 3, 46.177372850848975, 39, 4, 55.85332903478906, 73, 0, 51.399521255911104, 259, 63, 62, 1.0, 
Matthew Boyd, 20, 0, 1.2262540372638628, 67, 4, 6.8379825851973495, 52, 10, 8.403900541488724, 134, 4, 34.797883684859215, 174, 11, 29.459244781694395, 367, 89, 179, 1.0, 
Matthew Liberatore, 18, 1, 4.723983753225461, 76, 1, 44.944246602399225, 47, 2, 43.22627172667147, 137, 3, 6.804856638829092, 124, 3, 71.49559056547703, 360, 83, 151, 1.0, 
Max Fried, 16, 11, -14.170693156881963, 66, 24, -63.99775778500245, 53, 7, 15.45783069437882, 152, 11, -11.10670971903151, 189, 3, 8.433063980452829, 639, 157, 195, 1.0, 
Max Meyer, 12, 5, -14.726405326267852, 36, 0, 9.52887588548993, 21, 9, -42.492115716931835, 57, 0, 5.633806452504788, 62, 1, 1.3748934849224836, 213, 48, 64, 1.0, 
Max Scherzer, 14, 10, -50.5419292088976, 40, 12, -35.774102295190175, 22, 5, -7.7976584201868135, 64, 3, -3.465188099934707, 84, 4, -5.9677503532132015, 430, 106, 85, 1.0, 
McCade Brown, 5, 1, 0.9520783612699866, 21, 0, 0.32872958499052674, 16, 3, 4.23615277949969, 24, 5, 9.555873564881637, 23, 1, 0.8700402458564831, 63, 12, 25, 1.0, 
Merrill Kelly, 23, 4, -1.4504678737538672, 74, 3, 15.259061453427304, 52, 6, 15.921797798056158, 136, 13, -1.4018733869048958, 168, 8, 89.22643368098225, 643, 158, 184, 1.0, 
Michael King, 9, 2, 7.0172306166496785, 25, 1, 1.2017864785572652, 24, 4, -13.988008249805485, 51, 4, 90.12776141709051, 81, 3, 13.838767965364166, 416, 100, 73, 1.0, 
Michael Lorenzen, 20, 7, 4.691994836550101, 63, 10, 41.53107916403851, 48, 7, 59.99131530755648, 110, 2, 92.46471127570136, 118, 10, -5.76340061368407, 544, 130, 141, 1.0, 
Michael McGreevy, 12, 0, 0.016457486285633927, 47, 2, 0.18777438425899007, 21, 13, 4.320872751998266, 88, 5, 0.6775218520105089, 60, 18, 8.100464362382766, 200, 47, 95, 1.0, 
Michael Soroka, 13, 5, -4.53277350619933, 46, 12, -74.02921814959828, 36, 1, 11.687248274462103, 63, 9, 14.01240738716541, 91, 8, -23.310847374687526, 270, 62, 89, 1.0, 
Michael Wacha, 17, 4, 0.4722149755268408, 68, 0, 18.04786224254984, 47, 8, -4.561520787208337, 141, 10, 38.08628511878044, 140, 12, 2.2089966110549, 617, 149, 172, 1.0, 
Mick Abel, 7, 4, 2.5113607191918383, 25, 8, 9.426419657913726, 15, 0, 0.04866822805308024, 35, 3, 1.8432458230555682, 39, 3, 2.0425828533176436, 87, 19, 39, 1.0, 
Mike Burrows, 12, 3, 0.2621861878476097, 41, 4, 0.4134529088665042, 30, 3, 0.30805050677764445, 75, 4, 0.4628314517066352, 96, 3, 0.3791938919623563, 201, 48, 96, 1.0, 
Miles Mikolas, 24, 7, -5.480859899786587, 83, 8, -2.3910440584161243, 34, 24, -88.62509070315491, 144, 6, 16.40667362570855, 107, 14, -24.421133601394956, 763, 182, 156, 1.0, 
Mitch Keller, 21, 1, 2.3992613326914656, 79, 15, -16.955050651124267, 51, 3, 5.41557376281548, 150, 16, -29.329844680429133, 157, 14, 28.2105049645277, 758, 176, 176, 1.0, 
Mitch Spence, 13, 4, 1.468348989992272, 45, 4, 2.9867580528259943, 25, 0, 0.7062358491779902, 80, 0, -0.05409119412176522, 66, 8, -14.250015583447016, 410, 94, 84, 1.0, 
Mitchell Parker, 22, 3, -0.644439196344456, 91, 24, -40.43167697120269, 52, 6, 6.034448648773354, 150, 3, 31.15489351214506, 122, 26, -52.216769754922524, 548, 126, 164, 1.0, 
Nathan Eovaldi, 13, 1, 14.44012411161085, 41, 10, 20.53779651434737, 29, 16, -37.175595909257936, 88, 4, 35.224811706766104, 126, 1, 17.694744872233333, 557, 138, 130, 1.0, 
Nestor Cortes, 8, 5, -43.13820833078242, 18, 3, -16.243084938642625, 13, 2, 95.97685217253257, 24, 4, -29.993547151344032, 31, 0, 25.437511328136704, 437, 107, 34, 1.0, 
Nick Lodolo, 22, 8, 16.906458981835133, 71, 7, 84.14747464075822, 42, 14, -1.6691476917355885, 126, 5, 99.80900573364028, 167, 16, 74.86143844322942, 435, 102, 156, 1.0, 
Nick Martinez, 19, 0, 4.551273025749493, 69, 8, 52.00644520860028, 41, 16, 51.254289584705845, 132, 7, 3.3126096580956386, 130, 4, 30.56264624195218, 540, 130, 165, 1.0, 
Nick Pivetta, 25, 11, -1.687766000064606, 68, 19, -8.063449404849948, 52, 4, 24.17900251411092, 115, 0, 6.811648172010557, 199, 15, -3.909141542199677, 669, 161, 181, 1.0, 
Noah Cameron, 17, 3, 0.14955109289507784, 45, 5, 0.31308999335572274, 42, 3, 0.12062660892128307, 89, 13, 2.1882284154949545, 117, 26, 7.890314192167423, 278, 69, 138, 1.0, 
Nolan McLean, 4, 1, 0.13690579123487834, 11, 6, 4.454585104759779, 15, 1, 0.26278533617660127, 30, 3, 1.132685997824158, 57, 0, 0.010438316215176671, 94, 24, 48, 1.0, 
Osvaldo Bido, 12, 0, 41.52613579597494, 43, 8, -40.17560384359437, 33, 4, 21.67435084713952, 65, 10, -43.332326914959495, 72, 0, 26.707775978192608, 265, 59, 79, 1.0, 
Pablo Lopez, 8, 0, 9.87186486171263, 28, 2, 67.64838184615527, 19, 5, -16.507109222673733, 59, 0, 33.48887900685691, 77, 2, 19.503314218530505, 655, 158, 75, 1.0, 
Parker Messick, 4, 0, 0.05443489778777155, 12, 6, 5.248399071771949, 7, 8, 10.486017471286672, 39, 15, 33.63989017642274, 38, 0, 0.09028587082919803, 82, 19, 39, 1.0, 
Patrick Corbin, 22, 2, 1.485635075789363, 85, 6, 38.098829300561206, 49, 2, 4.497851388131458, 151, 1, 59.90563939625975, 123, 17, -24.063744249141976, 732, 165, 155, 1.0, 
Paul Blackburn, 5, 0, 6.7478651178473985, 23, 1, 12.79616151239086, 12, 2, -7.986088706978009, 38, 2, 33.2838550567591, 32, 5, -11.619816205131485, 355, 82, 39, 1.0, 
Paul Skenes, 13, 9, -5.011627185899988, 44, 29, -50.75766290115175, 46, 22, -28.794811153174805, 123, 5, 1.4303076584284575, 224, 2, 35.18373169270974, 498, 128, 187, 1.0, 
Quinn Priester, 21, 2, 4.3684697858621115, 76, 2, 29.688252814843402, 52, 4, 32.233540006075216, 138, 1, 58.49909467740033, 120, 5, 46.25579014219321, 343, 79, 157, 1.0, 
Randy Vasquez, 16, 0, -0.03253685430007214, 59, 2, 31.63672287407186, 48, 6, 21.348652399692753, 115, 12, -8.99010883836732, 89, 29, -162.62776626734524, 361, 83, 133, 1.0, 
Ranger Suarez, 15, 5, -5.146685315644229, 61, 10, -11.033956534179218, 44, 7, 0.6410448896088639, 136, 11, -7.032819106086137, 150, 6, 14.040211142107784, 619, 146, 157, 1.0, 
Reese Olson, 5, 3, -2.996606239920304, 26, 3, 4.697188521707268, 22, 3, 0.4284018654451174, 53, 3, 20.143502597348228, 64, 4, -1.1602216811963082, 363, 87, 68, 1.0, 
Reid Detmers, 8, 0, 21.482850085193878, 33, 2, 147.65814150475782, 25, 2, 33.84301750239439, 53, 1, 46.23037466592948, 76, 3, 115.48105938767333, 460, 106, 63, 1.0, 
Richard Fitts, 10, 4, 2.0044712629311654, 25, 2, 0.676150161668823, 16, 6, 3.9986837177423737, 32, 7, 5.4598759595600015, 39, 2, 0.8649948611189462, 97, 22, 45, 1.0, 
Robbie Ray, 26, 11, 19.066472623923556, 79, 18, 144.9006757613409, 79, 13, 82.56870975874978, 112, 4, 18.11225056813545, 213, 3, 1.844172152811796, 481, 116, 182, 1.0, 
Roki Sasaki, 6, 0, 0.1098662724968189, 18, 5, 4.3843700458624895, 20, 8, 13.466157735395143, 25, 8, 11.359720418144406, 28, 3, 2.5581199731913458, 80, 18, 36, 1.0, 
Ronel Blanco, 7, 2, 1.674450400162339, 19, 1, 1.092917075584566, 20, 1, 116.58153824823356, 29, 2, -1.3562720712869805, 48, 0, 13.789736006914698, 341, 82, 48, 1.0, 
Ryan Bergert, 8, 2, 0.17610411532245718, 31, 4, 0.65759513936072, 36, 8, 2.725539651418586, 52, 2, 0.19194127827707863, 74, 8, 2.6827349099382722, 161, 38, 76, 1.0, 
Ryan Feltner, 3, 1, 24.124290206725966, 16, 0, 67.92521380868004, 11, 2, 0.1428697690000007, 28, 1, 19.045641979124184, 25, 3, -9.317584240745148, 364, 83, 30, 1.0, 
Ryan Gusto, 16, 5, 0.5703603907051003, 62, 11, 3.0019992135537024, 36, 6, 0.9941189733117657, 96, 0, 3.583091475209551e-05, 99, 16, 5.550818047288921, 226, 50, 101, 1.0, 
Ryan Pepiot, 23, 10, -16.118902506434925, 63, 17, 9.867339405876834, 58, 11, 87.03971504412152, 103, 0, 53.02410199105975, 171, 0, 68.3158941591059, 384, 93, 167, 1.0, 
Ryan Walker, 4, 3, -5.834152647285187, 22, 2, 75.38221312239061, 17, 3, 5.1431314747815335, 48, 3, 102.85441368057572, 67, 0, 7.884897461071994, 259, 62, 61, 1.0, 
Ryan Weathers, 6, 2, -11.035044984047516, 17, 1, 0.6650532844682324, 12, 1, 19.316943634653974, 31, 2, -2.6644016197938747, 35, 1, 7.811456652410139, 244, 56, 38, 1.0, 
Ryan Yarbrough, 9, 4, 0.4708066201099044, 28, 3, 31.856597765489308, 18, 2, 24.919566550524387, 47, 8, -49.336476575863486, 49, 2, 83.05020986745807, 348, 82, 64, 1.0, 
Ryne Nelson, 18, 0, 3.0726336158414873, 67, 2, 14.78751381959201, 41, 10, -7.460805305065193, 125, 13, -23.35081265533342, 124, 17, -7.48199511192135, 579, 138, 154, 1.0, 
Sam Long, 6, 0, 10.204707832926184, 20, 2, 16.949142663218115, 19, 1, 126.10824083143235, 35, 5, 106.93326885107041, 35, 0, 3.3245339004529155, 186, 42, 40, 1.0, 
Sandy Alcantara, 22, 11, -0.14975640416804126, 93, 2, 9.063065521438393, 56, 26, -18.580923405399616, 140, 6, 7.764612688769407, 144, 4, 11.29274441253396, 558, 136, 174, 1.0, 
Sean Burke, 21, 9, 1.1298834529991684, 62, 5, 0.34046577248428367, 64, 12, 2.0458585932359554, 104, 25, 8.239554733849516, 134, 8, 0.8306013425302687, 298, 67, 134, 1.0, 
Sean Manaea, 9, 4, -5.653765421296548, 31, 7, -66.9858808833833, 17, 6, 134.07452432039747, 45, 6, 25.360641883438475, 67, 11, -113.21857460166038, 542, 129, 60, 1.0, 
Seth Lugo, 19, 6, 17.182624738121284, 59, 2, 47.940629960378764, 44, 1, 48.37261065213926, 111, 7, -6.124940729066328, 128, 4, 101.01651695017293, 580, 140, 145, 1.0, 
Shane Baz, 23, 4, 0.24713596757007394, 78, 1, 4.824536140840862, 60, 0, 12.81245009752367, 124, 25, 9.59739156753065, 166, 6, 13.449008499651615, 332, 78, 166, 1.0, 
Shane Bieber, 6, 3, 8.7616807417958, 15, 3, 16.88453210915818, 8, 6, -20.336443135013468, 27, 3, 2.853870203519577, 36, 0, 14.433289224447602, 346, 85, 40, 1.0, 
Shane Smith, 17, 1, 0.028484101797475625, 62, 4, 0.18584240541943142, 62, 29, 9.341242358523672, 99, 1, 0.029023703998644013, 146, 8, 0.8034024195184415, 308, 73, 146, 1.0, 
Shawn Armstrong, 6, 5, -20.615820721423553, 26, 5, -6.452441783867329, 22, 4, -4.363269454556807, 52, 1, 135.07396662403949, 74, 1, 37.1230568088079, 263, 63, 74, 1.0, 
Shohei Ohtani, 3, 1, 8.093368006652, 14, 0, 8.76665764246819, 12, 6, -3.427641254419541, 33, 5, 19.638445351021133, 60, 5, 96.58596568558872, 321, 80, 47, 1.0, 
Shota Imanaga, 25, 17, -21.33466223638925, 52, 15, -5.069728188758987, 28, 26, -68.23219286356772, 90, 9, 17.936338229059462, 129, 14, 65.48267097714084, 504, 126, 144, 1.0, 
Simeon Woods Richardson, 15, 3, -0.9806934249595045, 50, 4, 2.8911286282665802, 44, 8, 63.937511056265606, 82, 3, -0.8698160729651905, 105, 13, -28.60696287668172, 416, 97, 111, 1.0, 
Slade Cecconi, 23, 9, -14.376925431267743, 73, 9, 6.003652351799168, 32, 21, -74.48208975757407, 113, 10, 2.9004265366656696, 105, 14, -30.482034119133417, 308, 73, 132, 1.0, 
Sonny Gray, 21, 2, 12.162684698626496, 75, 12, 35.650291689605005, 44, 17, -30.10273774579538, 145, 13, -1.7447151432764585, 199, 20, -21.343909168541387, 666, 162, 180, 1.0, 
Spencer Arrighetti, 5, 0, 2.9330841217654604, 19, 0, -0.11313688566423713, 17, 3, 33.065810005579436, 26, 3, 41.321040290875445, 35, 1, 61.745972520519274, 315, 72, 35, 1.0, 
Spencer Schwellenbach, 12, 0, -0.023950437451943835, 38, 1, 11.507769359452517, 21, 20, -70.3834219818392, 77, 5, 54.158964235344094, 109, 5, -5.107715060298274, 373, 93, 110, 1.0, 
Spencer Strider, 17, 3, 1.9315151517334757, 58, 3, 48.72595162205257, 48, 4, 20.789371423381, 98, 11, 87.85460131817302, 147, 2, 20.345506086381377, 427, 103, 125, 1.0, 
Stephen Kolek, 10, 9, -7.648054162414468, 53, 8, 33.83524462497146, 31, 11, -2.2179697851834277, 104, 8, 3.623824564987771, 83, 0, 95.40772639589295, 268, 63, 112, 1.0, 
Steven Matz, 9, 0, 4.01106853437784, 33, 0, 27.103850841787406, 18, 9, 44.84596975097472, 67, 5, 17.717149929654603, 61, 1, 7.19821210556028, 288, 68, 76, 1.0, 
Taijuan Walker, 22, 8, 20.849112598044336, 69, 4, 42.64949025308827, 45, 5, 2.58874059247643, 113, 11, -22.515103536354914, 89, 4, 6.19431064384929, 575, 133, 123, 1.0, 
Taj Bradley, 21, 1, 42.08681570517443, 75, 9, 56.82740542347261, 54, 6, 16.05660345348934, 109, 0, 14.920536952114396, 144, 2, 40.8195879090166, 509, 119, 142, 1.0, 
Tanner Bibee, 23, 5, 0.733733743438215, 76, 4, 30.974307097023395, 52, 3, 4.714033385978513, 141, 11, -10.584751773622887, 176, 4, 81.89413385797342, 637, 154, 182, 1.0, 
Tanner Gordon, 17, 7, -6.4444798160350345, 59, 8, 130.17011833615996, 18, 19, -138.72103843237534, 84, 5, 78.37211844412836, 58, 10, -28.158746746242457, 198, 43, 75, 1.0, 
Tanner Houck, 6, 0, 37.217687343228704, 27, 4, 103.43514201398465, 15, 0, 13.505376826946788, 41, 0, 6.823350780640784, 34, 3, -5.238501074272918, 414, 96, 43, 1.0, 
Tarik Skubal, 16, 5, -1.2554515122976504, 55, 17, -28.25721546834646, 40, 37, -158.83653822540447, 129, 7, -1.963464475582418, 234, 9, -0.6266458396848371, 572, 146, 195, 1.0, 
Tobias Myers, 5, 1, 4.947942191279818, 19, 7, -42.42345542343621, 14, 1, 1.196634674104688, 45, 0, 4.428223496255413, 41, 0, 15.222438602941779, 315, 75, 50, 1.0, 
Tomoyuki Sugano, 30, 18, 3.065139907810405, 80, 0, 0.00397235595181937, 38, 17, 2.721020264406498, 142, 16, 2.409515760441735, 107, 14, 1.888141529986779, 337, 78, 157, 1.0, 
Tony Gonsolin, 7, 4, 12.981492310962366, 18, 3, 35.65516733291467, 16, 2, -2.6586619407881553, 23, 2, 26.03735503161302, 35, 0, 8.418843832123468, 254, 62, 36, 1.0, 
Trevor Rogers, 9, 6, -4.479446638570256, 39, 7, 41.90625245693659, 36, 5, 65.29996971297507, 83, 2, 7.998219377121233, 97, 0, 12.007484292272439, 423, 98, 109, 1.0, 
Trevor Williams, 10, 3, 11.191904031211308, 43, 7, -25.418765594646715, 23, 9, -26.49871732851632, 79, 7, 19.558647995391667, 67, 3, 42.84916321055541, 416, 95, 82, 1.0, 
Tyler Alexander, 13, 2, 37.19406565472808, 52, 7, -23.205242130338185, 25, 7, 26.250635287221044, 89, 3, 85.51834976674701, 80, 11, -9.850223397641088, 371, 87, 97, 1.0, 
Tyler Anderson, 22, 2, 6.279802140305042, 66, 7, 24.194200838471247, 54, 1, 49.68969827880305, 107, 3, 13.60886777139098, 107, 6, 26.297882850237425, 675, 158, 136, 1.0, 
Tyler Gilbert, 5, 0, 15.74126770588794, 22, 1, 32.2029816017702, 23, 4, 0.5272592804043121, 35, 0, 1.9478398557236216, 47, 6, 5.13452845486227, 102, 24, 51, 1.0, 
Tyler Glasnow, 9, 1, -0.9659356978709037, 32, 6, -14.693985334937555, 33, 9, 74.1035032480861, 51, 16, -82.14216167891365, 109, 4, 33.23042253211399, 425, 106, 90, 1.0, 
Tyler Holton, 10, 3, 26.388329574310497, 26, 2, 16.397824668280574, 17, 11, -77.2179245143922, 47, 11, -59.03958222501123, 64, 2, 88.76178357206945, 306, 79, 78, 1.0, 
Tyler Mahle, 8, 2, 31.4072066074491, 26, 11, 49.8591645279825, 26, 0, 27.07526042951687, 63, 3, 1.4673712746589498, 74, 0, 14.373023741584072, 221, 54, 86, 1.0, 
Tyler Phillips, 11, 2, 14.939339453335391, 37, 3, 32.382128250799994, 21, 8, 61.34079187343764, 65, 6, -7.475251080073157, 55, 3, 44.89119258975455, 189, 45, 77, 1.0, 
Tylor Megill, 7, 2, -3.934592764021353, 32, 5, -23.17647819784321, 30, 2, 18.526935029249977, 55, 2, 45.143254944055926, 81, 4, 29.387964679186908, 352, 79, 68, 1.0, 
Valente Bellozo, 14, 8, -18.075716294653958, 38, 1, -0.010112717621601819, 23, 1, -0.09303709096325896, 68, 6, 16.643562374810287, 54, 10, -30.450474216773685, 257, 59, 81, 1.0, 
Walker Buehler, 22, 1, 2.9727620918212816, 70, 3, 6.583500626282682, 54, 1, 29.15634527289349, 111, 16, -16.08707122911072, 100, 13, 0.6449487883847098, 343, 77, 126, 1.0, 
Will Warren, 27, 3, 1.2450655277884488, 118, 19, 291.76053890002936, 69, 11, 29.274802979044296, 162, 2, 192.21020682277853, 182, 30, 225.79686799942192, 328, 73, 162, 1.0, 
Yariel Rodriguez, 8, 0, 0.11403476239318422, 28, 4, -7.210369919196907, 32, 8, 102.51695496453728, 46, 1, 11.294768634525337, 68, 5, -10.13193686025641, 266, 63, 73, 1.0, 
Yoendrys Gomez, 11, 1, 0.0703721731331034, 36, 1, 0.09221769812386049, 27, 1, 0.06050212747601247, 48, 4, 0.9672034272473855, 56, 7, 3.623090550974112, 138, 31, 62, 1.0, 
Yoshinobu Yamamoto, 14, 5, -1.8592750781554122, 52, 6, 4.2678805793662296, 52, 1, 21.097606256536647, 113, 5, 106.66572632060132, 202, 7, -3.8522235768075923, 420, 105, 173, 1.0, 
Yu Darvish, 11, 2, -2.584283422953769, 35, 3, 1.0476946761271968, 20, 11, -25.862758511746733, 51, 2, 63.51031194768323, 68, 6, -22.438496543110986, 493, 120, 72, 1.0, 
Yusei Kikuchi, 24, 10, -8.553151347996053, 78, 17, -19.085529524669326, 62, 12, 57.47538291647198, 146, 18, -7.9708776330595725, 190, 0, 21.738132980991544, 665, 155, 178, 1.0, 
Zac Gallen, 25, 5, -3.8345393246851893, 89, 9, -4.997294277605842, 64, 12, 47.649820512288976, 148, 9, -3.324050035649929, 185, 19, -47.24950895052937, 748, 183, 192, 1.0, 
Zach Eflin, 12, 6, -3.17411557881411, 36, 8, 3.3577381380818565, 13, 14, -187.37200284901215, 64, 4, 6.679510542205961, 56, 0, 36.589620295837435, 502, 122, 71, 1.0, 
Zack Littell, 29, 14, -19.6952113286795, 80, 3, 11.608224015076157, 38, 33, -133.50967169365998, 153, 0, 50.5981860709107, 148, 9, 52.00801285862771, 496, 119, 186, 1.0, 
Zack Wheeler, 16, 2, 1.8734560654713577, 47, 5, -4.661710973398419, 36, 17, -58.62283254211695, 95, 14, -27.778729649354972, 178, 9, 96.05135051192651, 691, 173, 149, 1.0, 
Zebby Matthews, 15, 8, 24.061587648923776, 51, 13, -19.684032802783037, 25, 11, -45.752592012709584, 81, 11, -36.303260436145436, 88, 7, -14.995018838744826, 212, 46, 79, 1.0, 
